Identifier,Month,Year,HvacMode,CalendarEvent,City,Temperature_ctrl,TemperatureExpectedCool,TemperatureExpectedHeat,Age_of_Home__years_,allowCompWithAux,Has_Electric,Has_a_Heat_Pump
001cb586cbb1bfa7441fff670b3357d9d412926a,feb,2021,heat,hold,Columbia,699.8461538461538,705.7211538461538,705.1826923076923,40.0,True,False,True
002810066b5066f73ebb23c9a6872760028f5cd8,feb,2021,heat,hold,Hanover,662.3333333333334,665.0,665.0,10.0,False,False,False
003a3b5c65e4767907f528a81c3bc75c08aefb02,feb,2021,heat,hold,Belcamp,696.8737864077669,700.0,700.0,10.0,False,False,False
004d65377c96d3ad22f52b1f4cec9f5cd105ed0a,feb,2021,heat,hold,Silver Spring,714.3205128205128,720.0,720.0,10.0,False,False,False
005778a727585278e6e4ff5e4fa04d98b16477b7,feb,2021,heat,hold,Gaithersburg,690.75,700.202380952381,699.6904761904761,17.0,False,False,False
0078c067e39a58f65e3ea18c7fb725c9a40d199f,feb,2021,heat,hold,Glen Burnie,677.9392338177015,683.8507265521797,683.7463672391017,35.0,True,False,True
00de2973fa20d09d8c2fd4431820bc1a3b361427,feb,2021,auto,hold,Bowie,696.9,750.0,700.0,0.0,False,False,False
00eb44f8221a85af0ace0f5c7eae1d25e19d00ba,feb,2021,heat,hold,West River,643.125,680.0,646.4285714285714,20.0,True,False,True
00fd0647d144ba028dfd28dc600312797908daa5,feb,2021,heat,hold,Pasadena,728.7683486238532,733.8119266055046,733.8119266055046,39.0,True,False,True
0115d4565dcf7c1441e7f8d0e5d998c2f5bc07e9,feb,2021,auto,hold,California,721.9166666666666,782.25,732.25,57.0,False,False,False
0167fa77912540b337e1e4c29796643208af2ae0,feb,2021,heat,hold,Glen Burnie,713.5970149253732,718.4104477611941,718.4104477611941,0.0,False,False,False
01a005ccb3498b662cc66d9be842728a38b20037,feb,2021,heat,hold,Baltimore,667.2454991816694,673.6693944353519,672.6252045826513,39.0,False,False,False
01bd4e3b97a9dc3fb7d1d09b016918ee88b16717,feb,2021,heat,hold,Odenton,676.25,690.0,690.0,20.0,True,False,True
01d52ed97d0be11254d11570a034879724567b3b,feb,2021,auto,hold,Laurel,719.0,790.0,740.0,5.0,False,False,False
01e3497cc972ac115d21a61fad8a84c315a156c1,feb,2021,heat,hold,Suitland,714.0481927710844,731.7048192771084,728.9156626506024,50.0,False,False,False
02363351accd044caeaa05653b8b87ed9c66cd49,feb,2021,heat,hold,Ellicott City,706.1458333333334,710.0,710.0,25.0,False,False,True
02ab87e2b0c9501f1c1acf2d6814ba0ac3385fd2,feb,2021,heat,hold,Baltimore,661.5871559633027,689.9908256880734,689.9724770642201,40.0,False,False,False
02ac5e0b8e14ee2d3ace34e3b00768d0110ed7d2,feb,2021,heat,hold,Saint Leonard,670.2347083926031,680.0,680.0,39.0,True,False,True
02b19afdbe3e1c6f4b8ba8b45549a116c82f13e2,feb,2021,heat,hold,Ellicott City,691.1550632911392,701.9018987341772,701.9018987341772,20.0,False,False,False
0362e3f05c468407bd86b8e30f32272a528cb9f9,feb,2021,heat,hold,Ellicott City,725.5718954248366,728.9330065359477,728.9330065359477,0.0,False,False,False
038758a748056a594fdeb469244fbdf0af1c14b7,feb,2021,auto,hold,Essex,713.1214574898786,820.0,721.2145748987854,0.0,True,False,True
038758a748056a594fdeb469244fbdf0af1c14b7,feb,2021,heat,hold,Essex,697.9484126984127,692.7638888888889,692.7638888888889,0.0,True,False,True
03b8d9de3f622206ee49f8db37d6fa367d66dced,feb,2021,heat,hold,Brookeville,595.15,580.0,580.0,10.0,True,False,True
03c9e30d55935263b0125f7fc3087cbd14720452,feb,2021,auto,hold,Churchton,699.890756302521,770.344537815126,705.4033613445379,5.0,True,False,True
03cd3e35ac493bf88ba2d2a995e315c18cb34510,feb,2021,heat,hold,Linganore,715.7709359605911,719.0935960591133,719.0935960591133,0.0,False,False,False
03dfa28cb1174a89fe02d0cf548eb0009e62eab3,feb,2021,heat,hold,Rosedale,718.1808921671935,721.6002809975413,721.6002809975413,0.0,False,False,False
0402dd7dae63d6d7e15484df27c817e242dfb995,feb,2021,auto,hold,Lutherville Timonium,689.1947368421053,773.9473684210526,692.3631578947368,30.0,False,False,False
040f275a2a49d58d8da6714d9e17ed0fb096ce7c,feb,2021,heat,hold,Abingdon,684.4136125654451,690.9424083769634,689.8324607329843,10.0,False,False,False
042fb51cf8dd1c4676dab675bc026ae0520d8f34,feb,2021,heat,hold,Greenbelt,712.4196301564723,708.5817923186344,708.5817923186344,0.0,False,False,False
044ac8c536172a04bc799072d6553355531eba08,feb,2021,heat,hold,columbia,669.7760778859528,674.8929068150209,674.8929068150209,0.0,False,False,False
048869c4e06df3867c0395edf15b914abef195ce,feb,2021,heat,hold,Baltimore,697.8840647735274,700.0,700.0,10.0,False,False,False
049b20be9b51ed2e8635178c7d2420c0f7c3fa75,feb,2021,heat,hold,Ellicott City,692.2777777777778,694.7777777777778,693.4074074074074,10.0,False,False,False
04afc06ede8be118325c53807b5581291f4fb119,feb,2021,heat,hold,Takoma Park,744.9206349206349,752.1851851851852,751.8888888888889,80.0,False,False,False
04b3e7fb4ae670e93e482d4fcc0d5c066b171690,feb,2021,auto,hold,Arnold,715.7719298245614,770.0,720.0,20.0,True,False,False
04d922402703ecd8d7bb84563b10cac51ce45f39,feb,2021,heat,hold,Severn,721.9230769230769,730.0,730.0,7.0,True,False,True
04f208b45c0cecb9412eb205335c620c8499502b,feb,2021,auto,hold,Clarksburg,735.3127659574468,799.8723404255319,740.0,5.0,False,False,False
05518110b765b606b6f52bddc5e1f737e9e4316b,feb,2021,auto,hold,Frederick,694.5540069686411,800.0,697.5261324041812,90.0,False,False,False
0595dddb4126178f111efb9c41410cd3874fe90b,feb,2021,auxHeatOnly,hold,Edgewater,709.25,747.0,742.75,37.0,True,False,True
0595dddb4126178f111efb9c41410cd3874fe90b,feb,2021,heat,hold,Edgewater,727.125,745.0416666666666,744.9166666666666,37.0,True,False,True
0595de8ea331fc70e9646594b601f5cf08ae2c50,feb,2021,heat,hold,Riverdale,735.0941176470589,737.8235294117648,737.4470588235295,105.0,False,False,False
05a75f87086d6d48c7660c6b34f7dca4e30cc1f0,feb,2021,heat,hold,Columbia,670.7428571428571,680.8571428571429,680.0,0.0,True,False,True
061b7008b605f6be26325752431fed5bebe4e96f,feb,2021,heat,hold,Annapolis,672.2438231469441,676.9018205461639,676.1059817945384,90.0,False,False,False
066fb9cb4e7d3328ab7b723739d2b399e2ea47d5,feb,2021,heat,hold,Ellicott City,719.7242424242424,718.9,718.9,0.0,False,False,False
0680c7f9f11f914b0b1fadf375e0007557aeb895,feb,2021,auto,hold,Millersville,717.6666666666666,780.0,740.0,5.0,False,False,False
068f0c0a5fe2f8d5d841413d5503ed192edc3eee,feb,2021,heat,hold,Catonsville,701.4313725490196,705.0,705.0,70.0,False,False,False
06dbf3c0200876f07af232d3b401336c4af13f9b,feb,2021,heat,hold,Bel Air,706.5742296918768,711.3380018674136,710.953314659197,40.0,False,False,False
07121588b27cc7345296ec7230c50eb298b03cf1,feb,2021,heat,hold,Saint Michaels,663.3653846153846,685.0961538461538,674.8076923076923,45.0,True,False,True
0747d92c5cdf5ccfcb98759500284ad3f17dd256,feb,2021,auto,hold,Baltimore,700.2056074766355,753.3411214953271,703.3411214953271,90.0,False,False,False
078de9708e19dc99d5c39fa1f8cea493c180a4f0,feb,2021,heat,hold,Parkville,715.6075036075036,715.3294853294854,715.3294853294854,40.0,False,False,False
07be8eda4d0cb58a72416d08ae631b10dfa407a1,feb,2021,heat,hold,Monrovia,661.6785714285714,673.8095238095239,673.8095238095239,0.0,False,False,False
07e49155d70729ddce5fabe8a74229a3dc96d047,feb,2021,heat,hold,Elkridge,714.5133333333333,720.0,720.0,5.0,False,False,False
08d6770ab7a91878c5e05a4ffa03f130e606403c,feb,2021,auto,hold,Nottingham,714.4444444444445,780.0,718.3333333333334,0.0,False,False,False
08f2675ff6fb8ce05bf6f14514b1f42fe95f6b03,feb,2021,heat,hold,Westminster,716.6650106458482,720.0,720.0,0.0,True,False,True
09022dff2f6ccfec2090ab1d20ec50efe445915f,feb,2021,heat,hold,Essex,701.6188118811881,708.1386138613861,708.0990099009902,19.0,False,False,False
092cbf2ed8c5421e2cfbbf1aa9ad1d2b5c5dc8b9,feb,2021,auto,hold,Monkton,700.2415357766143,780.0,700.7905759162304,20.0,True,False,False
093bef2daf17235ad1edc27839d7d1daa3181b38,feb,2021,auto,hold,Germantown,703.4545454545455,781.0,701.2272727272727,0.0,False,False,False
09475c112ab328406c937027009fab37c71ca93f,feb,2021,auto,hold,Lutherville Timonium,711.0,875.0,715.0,0.0,False,False,False
09818e9e5926da48ae80b4bf2b94cbafc8bf537e,feb,2021,heat,hold,Abingdon,736.4269340974212,737.8911174785101,737.8911174785101,0.0,True,False,True
098e30a60ae3b4111a34cb173d16be1f172f2f67,feb,2021,auto,hold,Middle River,724.4181818181818,776.4545454545455,726.4545454545455,0.0,True,False,True
099cadacf13113f3bb52216339fccde2a428ed19,feb,2021,heat,hold,Butcher's Hill,699.6327272727273,699.7454545454545,699.7454545454545,105.0,False,False,False
09c7a00223b267a3ad5a400debc5ea2542f9c9a4,feb,2021,heat,hold,Annapolis,669.9464285714286,660.0,660.0,0.0,False,False,False
09dc701b0be086d6232ae5affc5c9ceaea587de1,feb,2021,heat,hold,Dayton,662.8992248062016,663.422480620155,663.1666666666666,10.0,False,False,False
09f9ee1e8da4f99543d8a0ac4f28905f27c782ee,feb,2021,auto,hold,Severn,705.6129032258065,756.0483870967741,705.3387096774194,0.0,True,False,False
0a07a3edd7f4f4a0d27b2deb3fbdfc3a50b04e07,feb,2021,auto,hold,Lanham,713.7372881355932,773.3898305084746,720.0,105.0,True,False,True
0a1d569d13a16050e9038c9a2216d9e13fadf801,feb,2021,heat,hold,Parkville,703.8777777777777,712.2555555555556,711.3888888888889,60.0,False,False,False
0a6bd22f665af94581f7724613e7243b0802a781,feb,2021,heat,hold,Chevy Chase,708.0426229508197,715.6836065573771,714.7868852459017,55.0,False,False,True
0a8401e30fc34012fe0a60012774c82b1dd622da,feb,2021,auto,hold,&#x9d;&#x9d;&#x9d;&#,717.2380952380952,840.0,720.0,0.0,False,False,False
0b2fb98db88fdc114a62c05d91e9ed4783d15a27,feb,2021,heat,hold,Bowie,733.5,728.75,728.75,10.0,False,False,False
0b75a61cd506e5ef79776de814da9adbbfaaca77,feb,2021,heat,hold,Dundalk,701.4002738475582,706.2336832496577,706.2336832496577,0.0,False,False,False
0b895a55129ee104ae831a7b353b604e66b87b5f,feb,2021,heat,hold,Gwynne Oak,745.9474412171508,748.9658828953435,748.9700322729368,48.0,True,False,True
0b9372936fe89f31c5e29a43723c0d3a7389ef11,feb,2021,heat,hold,Baltimore,717.9666666666667,720.0,720.0,90.0,True,False,False
0c12771a9be7b0481dfd28d81c94a20bcea4cb57,feb,2021,auto,hold,California,697.3439153439153,768.9047619047619,699.5873015873016,9.0,True,False,False
0c4185f2dd4b7439941bc22ca3bf5c296f88425c,feb,2021,heat,hold,Waldorf,664.6658097686376,669.6478149100257,669.6478149100257,0.0,True,False,True
0caecdd8d705fa7bcf96e1e9de2f19f4db4e4a91,feb,2021,heat,hold,Olney,707.2957746478874,710.0,710.0,30.0,False,False,False
0cb1750b362404cd93420c79aeff9ed0654192b2,feb,2021,heat,hold,Randallstown,711.8189233278956,718.510603588907,718.1549755301794,57.0,False,False,False
0cbe19a80a6f730de730605f54143bd6d253580e,feb,2021,heat,hold,Monkton,710.0631578947368,683.9494736842105,676.4736842105264,0.0,False,False,False
0d0008b5c7a678c70517e93c1692dadf94190122,feb,2021,heat,hold,Arnold,690.5347222222222,694.7361111111111,692.5069444444445,45.0,False,False,False
0d0962bf7e1bd498f7dc889703501d3d5d9f5622,feb,2021,auto,hold,Baltimore,697.1666666666666,765.0,699.9444444444445,0.0,False,False,False
0d1ca886de8d63a73c08006d843bf48ab2674ec5,feb,2021,heat,hold,Owings Mills,717.8888888888889,720.0,720.0,0.0,False,False,False
0d4c45d5652f5f7f88f784dee3edd1c412cec793,feb,2021,heat,hold,Middletown,689.952380952381,690.0,690.0,0.0,True,False,False
0d617af30bf589141699c5ffd66a0121f2fc31ab,feb,2021,auxHeatOnly,hold,Waldorf,720.8135849056604,720.0,720.0,0.0,False,False,True
0d6799db93cecf7753eed7862ed63e2fb5755b11,feb,2021,heat,hold,Severna Park,729.6,720.4,719.7,0.0,False,False,False
0d805ea6e38fce7d85052efed3d3ac73a678e87e,feb,2021,heat,hold,Hughesville,721.7915831663327,723.7394789579158,723.7735470941884,0.0,True,False,True
0d80e1875ea983f9e5c1d2807aa7037d40d47eba,feb,2021,heat,hold,Grasonville,683.0,743.0,704.0,10.0,False,False,False
0d86d9dee1d461b13e9e99feb36b70f6dbb635e6,feb,2021,heat,hold,Jessup,766.6491228070175,782.2631578947369,781.561403508772,15.0,False,False,False
0daae1037a98a1344866a06a72e4040a2c2485ef,feb,2021,heat,hold,Kensington,677.9558823529412,670.0,670.0,120.0,False,False,False
0e1a00d5c6435c9287e616402cec992257212d4a,feb,2021,heat,hold,St Inigoes,681.8453608247422,693.0412371134021,693.0412371134021,0.0,False,False,True
0e46f7eb07efc35c927a8b811d620dab8688e61a,feb,2021,heat,hold,Bethesda,708.0439560439561,714.1318681318681,712.1538461538462,5.0,False,False,False
0eb0fb7e4a890608434710555635fade8e041d3c,feb,2021,auto,hold,Rockville,666.9403973509934,779.4701986754967,671.0596026490066,10.0,True,False,False
0ed38f13750a6d1311cbf951fa1c6b5746bc12cd,feb,2021,heat,hold,Catonsville,680.0489098408957,683.4142604596346,683.4142604596346,45.0,True,False,True
0ef6baa15e89d5425bbdc61963c9976b5f3577b2,feb,2021,heat,hold,Baltimore,701.3478260869565,706.1304347826087,706.1304347826087,20.0,False,False,False
0efe319d309d412f567f7273ab96876d354241f9,feb,2021,heat,hold,Ellicott City,677.7912434325744,686.7481611208407,686.7481611208407,20.0,False,False,False
0f349f15b136ea8b7d6cc1de181c0b37063a57e3,feb,2021,heat,hold,Aberdeen,734.8588235294118,734.9411764705883,734.9411764705883,5.0,False,False,False
0f59b92e7b3698a036e034f029349938766c698a,feb,2021,heat,hold,Baltimore,698.4645833333333,700.0,700.0,116.0,False,False,False
0f665e8789dfaf0e135c74d7f1d3650f3b545043,feb,2021,auto,hold,Oakland,672.3036053130929,800.0,667.0170777988615,0.0,False,False,False
0f855a8366ccb3c48a016ce2cea417637dac292a,feb,2021,heat,hold,Towson,692.9088541666666,696.3244047619048,696.3244047619048,25.0,False,False,False
0fca2e243b09bb45b5d158e366ed37ce3e192427,feb,2021,heat,hold,Fallston,676.7439550949914,680.0,680.0,48.0,True,False,True
0fdcd92404e393e39aed3644b67f0872477ba1f8,feb,2021,heat,hold,Baltimore,653.2523489932886,654.0442953020134,654.0442953020134,0.0,False,False,True
10179f469adcc2826f5a1b233a2e3c2ca0e2cf62,feb,2021,auto,hold,Brandywine,722.3432442604441,795.0,725.0,0.0,False,False,True
101dfa151694d3cb5cc9c139ff95282f3792454f,feb,2021,heat,hold,Havre de Grace,694.5086342229199,696.5761381475667,696.5761381475667,0.0,True,False,False
1027105384f9e820229c272e5d97f2a4f0a41af5,feb,2021,heat,hold,Salisbury,676.4814471243043,700.0,680.0,105.0,True,False,True
104eaead20079c3b0fd92bca5fe8fd42326c5615,feb,2021,auxHeatOnly,hold,Abingdon,673.4903846153846,680.125,680.125,20.0,True,False,True
104eaead20079c3b0fd92bca5fe8fd42326c5615,feb,2021,heat,hold,Abingdon,595.2080867850099,634.4467455621302,595.7820512820513,20.0,True,False,True
1065d6423881a7893d48d4c915f60c50616b5bc6,feb,2021,heat,hold,Edgewater,660.487972508591,669.9003436426117,669.9003436426117,70.0,True,False,True
108c2d9c6ed44090e586c20e23ca1f771472b834,feb,2021,heat,hold,Baltimore,693.4705882352941,700.0,700.0,90.0,False,False,False
109ee62e8260f06a53c2bda02000b1f6e2c45872,feb,2021,heat,hold,Lutherville Timonium,722.7218309859155,723.2147887323944,723.156103286385,0.0,False,False,False
10e7e9353da8098e58545450071bceb10dd7297d,feb,2021,heat,hold,Myersville,687.2058823529412,717.7941176470588,694.4117647058823,50.0,True,False,False
10f3a14d82da8aaca932f9b183b3b7153746df2d,feb,2021,heat,hold,Lake Shore,704.8314087759816,709.7528868360278,709.6027713625866,50.0,False,False,False
110ecbea3d139e06253b1e0cf08f441b90c0e3f1,feb,2021,heat,hold,Churchville,676.3476923076923,680.8892307692307,680.3353846153847,45.0,True,False,True
11138cb44e517c908feda1fb4f1359142759c493,feb,2021,auto,hold,Arnold,728.7452316076294,799.9209809264305,727.850136239782,0.0,False,False,False
11138cb44e517c908feda1fb4f1359142759c493,feb,2021,heat,hold,Arnold,694.0,780.5,672.5,0.0,False,False,False
11606d6c8188e90f0d57a89464334d7284dd7000,feb,2021,heat,hold,Columbia,679.0565805658057,682.1463714637147,682.1463714637147,20.0,False,False,False
11c6a2065870c754e79fee85254084fd4018e780,feb,2021,heat,hold,Edgewater,693.1004901960785,696.9603758169935,696.9603758169935,10.0,False,False,False
11ef9894b9becfb97fd0b0730006136b0b454cf3,feb,2021,heat,hold,Hanover,717.223602484472,725.5093167701864,723.0869565217391,15.0,False,False,False
121b23fbb675d55e7cb22286dca90fe58c728820,feb,2021,heat,hold,Baltimore,647.0994152046784,649.7836257309941,649.7602339181286,105.0,False,False,False
121d608496360238b538cce505d3cdf799a09db2,feb,2021,heat,hold,Rockville,686.8571428571429,680.0,680.0,39.0,True,False,True
122ee530103728d00da337b3e2c470c2557d0fa8,feb,2021,heat,hold,Pikesville,708.6354166666666,710.65625,709.8854166666666,0.0,False,False,False
12331e15831043ae990ba1d7281f8fc2071cc6b0,feb,2021,heat,hold,Laurel,733.1410934744268,734.9320987654321,734.9320987654321,5.0,False,False,False
12731c83deac4c421af63ba03c9446ca3938511e,feb,2021,heat,hold,Original Northwood,725.1914893617021,730.8936170212766,729.8297872340426,80.0,True,False,False
127a0aee29c951dc0ff8f91f541b7966e7ff0573,feb,2021,heat,hold,Laurel,713.3333333333334,717.3835616438356,716.4018264840182,10.0,False,False,False
12833dcafa855e2c82e22c71e4a84612c79e2791,feb,2021,auto,hold,Potomac,703.0779816513761,757.9506880733945,707.4988532110092,40.0,False,False,False
12a64cdf7b6eff17280f0b17513308cd94d1a4c3,feb,2021,heat,hold,Essex,703.729754322111,715.4158325750683,715.4158325750683,0.0,False,False,True
12ab07160fa4ff86aee5d4ad19b79d4195922537,feb,2021,heat,hold,Frederick,712.4783653846154,713.6334134615385,713.6334134615385,9.0,True,False,False
12ac0f637ffedc53dec6288f8b6125924317503b,feb,2021,heat,hold,Columbia,679.9171779141104,691.0961145194274,688.439672801636,30.0,True,False,True
12b633541cb5907f8cd564c5a9365373e32e1757,feb,2021,auto,hold,Mount Airy,708.0808080808081,779.9090909090909,716.070707070707,0.0,False,False,False
12b78cd04131cfdea3c82d7fde07071e842ef041,feb,2021,heat,hold,Owings Mills,617.9430894308944,651.0162601626016,610.5528455284552,20.0,False,False,False
1329ac1f1fc41d20164cca6c829b9281a50dfcd6,feb,2021,heat,hold,Baltimore,707.2670603674541,709.5938320209974,709.5938320209974,9.0,True,False,True
1370fa7f6d9ba68cf4f63a2ec4c3ff106d8d83cb,feb,2021,heat,hold,La Plata,718.5167493796527,719.6191066997519,719.6191066997519,0.0,True,False,True
13947032cb6927d9d4055be798218fa86e4f463d,feb,2021,auto,hold,Baltimore,622.3130434782609,800.0,614.3478260869565,99.0,True,False,True
13947032cb6927d9d4055be798218fa86e4f463d,feb,2021,auxHeatOnly,hold,Baltimore,628.5064935064935,650.0,621.1948051948052,99.0,True,False,True
13947032cb6927d9d4055be798218fa86e4f463d,feb,2021,heat,hold,Baltimore,633.925925925926,650.0529100529101,603.2275132275132,99.0,True,False,True
13a5ff147dabcfee4aa6e9bfbb529824ed3a30f5,feb,2021,heat,hold,Catonsville,669.1176470588235,713.9411764705883,670.0,100.0,False,False,False
13ba7e9ed7072d976f8969bd580519a3f1eab901,feb,2021,heat,hold,Parkville,693.9565217391304,700.0,700.0,65.0,False,False,False
13c01ef1855e70a7f1f4a60872cead463bfc7c0f,feb,2021,auto,hold,Frederick,719.7666666666667,760.0,719.8666666666667,30.0,True,False,True
1407104ec776a3e0c9920a7d10457287a8127863,feb,2021,auto,hold,Point of Rocks,681.840830449827,735.0,685.0,10.0,False,False,False
14391fa1923be173736bc641dcbf149599fe20aa,feb,2021,heat,hold,Frederick,705.3938789088489,709.7658017298736,709.7658017298736,10.0,False,False,False
1450624e9e050c1ca618d1e7abf1bbf23271c6cd,feb,2021,heat,hold,Pasadena,661.516129032258,666.6677419354838,660.1451612903226,45.0,False,False,False
14fc2a40feb5308ed5f9c3e8c3184ee85e753d2e,feb,2021,auto,hold,Taneytown,725.3957820738137,782.0,731.7792618629175,30.0,False,False,True
151c2eec8c8440d58c79b2dc492b3cff2df2e6ab,feb,2021,auto,hold,Kingsville,686.9111111111112,750.0,700.0,5.0,True,False,True
1549360b75398a60c8af85b38d2524ba0fc3d07b,feb,2021,heat,hold,Baltimore,686.2876712328767,680.0,680.0,90.0,True,False,False
154a17ce3c9edebb7b6e0652595e843b2c4c30cc,feb,2021,heat,hold,Baltimore,643.3514644351465,650.0,620.0,0.0,True,False,False
154c101dbd168d459c4614af375935a095264e7d,feb,2021,heat,hold,Chesapeake Beach,670.6666666666666,780.0,675.3333333333334,0.0,True,False,True
155619f169653cbc7ca27da9385530ad70927ace,feb,2021,heat,hold,Potomac,693.1999299719888,700.0,700.0,5.0,True,False,True
157bceb15509587fbf831004ca0db4934a783e35,feb,2021,heat,hold,Pikesville,713.3026183282981,708.5153575025176,708.4979859013092,0.0,False,False,False
15f7d057083f2fdfce013e94d9d00f4e054ed1aa,feb,2021,auto,hold,Silver Spring,712.4239130434783,770.054347826087,715.6413043478261,0.0,False,False,False
1632745c79bc88ff6aa165c5e4cac5f4b49d75e1,feb,2021,heat,hold,McHenry,568.5239099859353,650.0,574.9789029535865,5.0,False,False,True
1662add29d71da779b9c505871e8097d025a061d,feb,2021,heat,hold,Halethorpe,684.2859922178989,701.0885214007782,700.761673151751,35.0,True,False,True
168736e57550a42366415b0151218673a6eb2ca5,feb,2021,auto,hold,Baltimore,676.0125173852573,737.6300417246175,678.826147426982,0.0,False,False,False
168736e57550a42366415b0151218673a6eb2ca5,feb,2021,heat,hold,Baltimore,674.7062937062936,680.1258741258741,678.5081585081585,0.0,False,False,False
168ce1118748b98d9823b93d90e6a604535091f1,feb,2021,heat,hold,Essex,626.7831325301205,680.0,680.0,27.0,False,False,True
169a4d7f3a79e8f9025de83ed0d00ec78ce7adfa,feb,2021,auto,hold,Odenton,721.9421641791045,829.0018656716418,719.7649253731344,60.0,False,False,False
16ab19a76053841d1084e9f37aa382dea6253056,feb,2021,heat,hold,Owings Mills,738.1025641025641,740.0,740.0,5.0,False,False,False
16ad97f45d957e7689e50521e4108bec97a052eb,feb,2021,auto,hold,Baltimore,696.5929173693086,750.0,699.9946037099494,88.0,True,False,True
16ff91d380cf4a0f470de697aa3518f9a405481a,feb,2021,auto,hold,Bel Air,705.8684210526316,760.0,710.0,15.0,False,False,False
1705bbdb91eb2018e972855491365023507ffd14,feb,2021,heat,hold,Catonsville,666.0243902439024,666.9634146341464,666.7540650406504,60.0,False,False,False
1722849fde10d8d0b29eac69913b0cfd5f6cc069,feb,2021,heat,hold,Clarksburg,701.0059171597633,700.0,700.0,8.0,False,False,False
1775258a9eb84038a34be74bb71b733ecd91175e,feb,2021,heat,hold,Baltimore,692.5214067278288,693.4923547400612,693.4923547400612,0.0,True,False,True
180844440f36346cc0a64116840b87103153428d,feb,2021,auto,hold,Pikesville,668.16,740.0,680.0,50.0,False,False,False
181d88399ad43331a718948e25393da5ff0a54b1,feb,2021,heat,hold,Baltimore,682.2246897452645,682.796211626388,682.7883736120183,0.0,False,False,False
1852c74145f6fd3fb9f686d72487d4ca17cf73d7,feb,2021,heat,hold,Glen Burnie,749.4944444444444,754.2888888888889,753.4333333333333,55.0,True,False,False
1871ca409d9b4be2ed43d479c8dd083948d604df,feb,2021,auto,hold,Ellicott City,717.3131868131868,778.489010989011,724.1483516483516,45.0,False,False,False
1898c8a5970a8921430505982e7e64f116db1b77,feb,2021,auto,hold,Laurel,726.4230769230769,748.8846153846154,728.1153846153846,27.0,False,False,False
18a236c4f70da3908168f5f4a7bb6ed1769413da,feb,2021,auto,hold,Lothian,676.3505154639175,800.0,670.1237113402062,20.0,False,False,False
18cf6ce7b1b82f156978ee7c2aa07b94eadf4693,feb,2021,heat,hold,Gaithersburg,650.8243243243244,720.0,649.527027027027,0.0,False,False,False
18dcc11b580c17383b44ceb7ef0c712016544e69,feb,2021,heat,hold,Baltimore,692.9349693251534,695.7693251533742,695.759509202454,118.0,False,False,False
191e650a633ac4991c0759209b06f316f7551e85,feb,2021,heat,hold,Chevy Chase,720.2407991587802,723.192429022082,723.192429022082,68.0,False,False,True
192eb7de5b9b652cea420a9e4dd25332974558f6,feb,2021,heat,hold,Fulton,681.8345588235294,693.4558823529412,693.4485294117648,40.0,False,False,False
193bfc7f4cce2454907c00337283d664435ab77a,feb,2021,heat,hold,Capitol Heights,647.606981981982,652.0,652.0,50.0,False,False,False
193d18d5db5bc020cdbf32629748dbbbd1013251,feb,2021,heat,hold,Huntingtown,664.4345794392524,760.0,668.3434579439253,30.0,True,False,True
1953f6b1ec4c1fbe762ade752523ef80a9b0fbab,feb,2021,heat,hold,Aberdeen,688.060606060606,694.4545454545455,691.2727272727273,15.0,True,False,False
19674a51b7714dc364d2545cd17d2ef306da3d18,feb,2021,heat,hold,Ellicott City,717.7980769230769,733.7836538461538,733.7836538461538,17.0,False,False,False
19f10d7877afa20043ae253a9a9409dfa4753b4f,feb,2021,auto,hold,Millersville,677.5181598062954,750.0,687.6707021791767,30.0,True,False,True
1a2600d834164bd3ce898b8c6406128c3a0c6572,feb,2021,auto,hold,Laurel,728.8452380952381,810.0,730.0,0.0,False,False,False
1a32ec6d844c8114295345397437e339de12533d,feb,2021,heat,hold,Ellicott City,674.4204627621114,676.3456254519161,676.3177874186551,10.0,False,False,False
1ab5843571d10f1436cb447d790d7ec950827bf9,feb,2021,auto,hold,Walkersville,688.2739726027397,738.8904109589041,688.2739726027397,5.0,False,False,False
1ac88a5e2f284378ceb4529bce0fd90b18f40913,feb,2021,auto,hold,Towson,711.9871794871794,775.0,715.0,49.0,False,False,False
1ac88a5e2f284378ceb4529bce0fd90b18f40913,feb,2021,heat,hold,Towson,706.9607843137255,710.0,710.0,49.0,False,False,False
1b12083e3d365c5cd3e2db54b3d540a0d212b3d8,feb,2021,heat,hold,Pikesville,681.6364306784661,684.8440265486726,684.8440265486726,68.0,False,False,False
1b73a0c3b06f7f86e30d2afd665c8981fd268e0f,feb,2021,heat,hold,Perry Hall,656.8361045130641,638.0285035629454,638.0285035629454,10.0,False,False,False
1b9be2b035ad53b7e131ad876513f0008d04fdc4,feb,2021,heat,hold,California,687.6818181818181,700.0,700.0,30.0,True,False,True
1bed57c4f2c8018e7b8737182f5ff845b76be258,feb,2021,heat,hold,Parkville,560.6404494382023,650.0,560.0,67.0,False,False,False
1bf4630cccf97260032ed5c6dc3e4c65b381d6ce,feb,2021,heat,hold,Silver Spring,695.3006535947712,701.4901960784314,701.1830065359477,0.0,False,False,False
1bf477c85bd9b5ed60e57355ccd97a8b75cf98d1,feb,2021,heat,hold,Elkridge,726.2018348623853,728.9724770642201,728.9724770642201,10.0,False,False,False
1bf9aa3743889847477527c506ecef03d7949b5c,feb,2021,heat,hold,Baltimore,645.1820083682009,656.7573221757323,648.1338912133891,107.0,True,False,False
1c26b6c68fd51687b240b46fffcc1b96c8b3dcd6,feb,2021,heat,hold,Baltimore,667.0689655172414,670.0,670.0,10.0,True,False,True
1cfd0fdc66dd98f7d6a93ff7302bea6829c101eb,feb,2021,heat,hold,Upper Marlboro,745.6212871287129,750.0,750.0,10.0,False,False,True
1cfe86ff08d54a6d88dc1c9e1c99163ea6f9a829,feb,2021,heat,hold,Hyattsville,687.3634408602151,686.6795698924731,686.6795698924731,0.0,False,False,False
1d048b4b5c581a8c79daa77e2d13e50ba2e7a636,feb,2021,heat,hold,Fulton,716.807220469681,720.0,720.0,0.0,False,False,False
1d7913c3e68bb748056a61a9a0fc4d94a038fe2a,feb,2021,heat,hold,Leonardtown,677.0,657.3333333333334,649.0,5.0,True,False,True
1d83bad16ab5f740f289dcf3d3438818ca75abb7,feb,2021,auto,hold,Tall Timbers,678.8125,670.4583333333334,650.4583333333334,15.0,True,False,True
1d8fb8308b5e056389dadf5a789809b647fbe358,feb,2021,heat,hold,Perry Hall,675.4761904761905,670.9285714285714,670.9285714285714,15.0,False,False,False
1da9bb57f8af3b85c7f2c969adadf34f819fccfe,feb,2021,heat,hold,Silver Spring,740.3207282913165,744.1428571428571,744.1428571428571,39.0,False,False,True
1dae796beed359feed0815f4aff722edf068b7ea,feb,2021,heat,hold,Gambrills,706.6593406593406,710.0,710.0,30.0,True,False,True
1dd6576478062c033850acce3b179938b5507fda,feb,2021,heat,hold,Annapolis,624.5204962243797,620.0,620.0,0.0,True,False,True
1df83f8614575a9da65794ff27c10b71fe8ba50e,feb,2021,heat,hold,Rockville,702.3913043478261,708.7826086956521,708.7826086956521,60.0,True,False,False
1e21cf00f4887b886bc8f6c48335f32cd0ece6b8,feb,2021,heat,hold,Pasadena,721.1457753017642,722.2061281337047,722.208913649025,20.0,True,False,True
1e2b64e1718b09be862b2545582b27ccbf7dbdad,feb,2021,heat,hold,Rockville,706.0816326530612,708.5102040816327,708.0816326530612,50.0,False,False,False
1e48d3c4631d9070f1fc1b0ad1fe2b91b056c552,feb,2021,heat,hold,Baltimore,694.7816091954023,700.0,700.0,120.0,False,False,False
1ecc154aaf815cc1d74081a3835b4272b0264ef2,feb,2021,heat,hold,Bel Air,678.0846560846561,683.7513227513227,683.1693121693122,5.0,False,False,False
1ed4b054afdec374c77fd795dd13fd75656fd115,feb,2021,heat,hold,Manchester,651.9995717344754,654.3974304068522,654.3974304068522,0.0,False,False,False
1f2d3257b33ef555e218c68ca51d0dd477d9591e,feb,2021,heat,hold,Bowie,740.437894736842,735.5642105263158,735.3894736842105,10.0,False,False,False
1f2f15b49c11699cfbef8a4c6815ea4df1844b23,feb,2021,heat,hold,Annapolis,649.8422330097087,650.8810679611651,650.8810679611651,20.0,False,False,False
1f33931d63ad9b45deabb24f625062a54b6efe12,feb,2021,heat,hold,Pasadena,663.1190168175938,660.8512289780077,660.8512289780077,60.0,False,False,False
1f49e05e093b7f26cb04238a0d5253d5e73ef4a6,feb,2021,heat,hold,columbia,665.5939393939394,666.2181818181818,666.2181818181818,0.0,False,False,False
1f85486504abc8af90fe68f3c27dad235a931c26,feb,2021,heat,hold,Middle River,751.6320119670905,751.2565445026178,751.2565445026178,7.0,False,False,False
1fa71aa6e1a34c9e168250deeec2cb7af7e64b70,feb,2021,heat,hold,Gaithersburg,722.1607142857143,723.5056818181819,723.125,0.0,False,False,False
1fcaea3de75f78aaa836fa1dc15a548e3477727b,feb,2021,heat,hold,Mount Airy,676.6428571428571,710.0,677.4047619047619,45.0,False,False,False
200b77e9175ff0700b223092d7f0f82f572ea269,feb,2021,auto,hold,Laurel,660.4285714285714,780.0,650.0,5.0,False,False,True
20539836ec90073b9fcc3385ad9ce4d10365730f,feb,2021,auto,hold,Woodstock,694.8377049180328,765.016393442623,696.9147540983606,0.0,False,False,False
2074e4516c659472088aca09b2c066be93a55702,feb,2021,auto,hold,Baltimore,694.495753715499,765.5414012738853,676.624203821656,9.0,False,False,True
208bcc8a2d1efb7c8c9922db15c815a417713edc,feb,2021,heat,hold,Edgewater,701.9626168224299,710.0,710.0,15.0,True,False,True
20ec13097ffd23ea00db327590719b5a199aab51,feb,2021,heat,hold,Silver Spring,708.6470588235294,711.4705882352941,711.3039215686274,50.0,False,False,False
2116686922f04c386e05d17f4c1fee60421ded57,feb,2021,auto,hold,Derwood,666.0333333333333,740.0,670.0,40.0,False,False,False
21453f367ba8563fa005843f4481349b9d175c43,feb,2021,auto,hold,Ridgely,680.8771929824561,791.5657894736842,640.4429824561404,0.0,False,False,True
21453f367ba8563fa005843f4481349b9d175c43,feb,2021,heat,hold,Ridgely,689.3656992084433,677.1029023746702,674.2559366754617,0.0,False,False,True
216a31cd372f4d433078c471be23d978271a29f6,feb,2021,auto,hold,Baltimore,706.4432989690722,790.0,709.8453608247422,0.0,False,False,False
21746d09e024b553f3229831aaefe9afb464830d,feb,2021,heat,hold,Abingdon,686.4363057324841,690.859872611465,689.8535031847134,10.0,False,False,False
2184c0d23c80ff235299e7a28b1d7c145055c553,feb,2021,auxHeatOnly,hold,Baltimore,723.8854092526691,724.1231316725979,724.1231316725979,0.0,True,False,True
21b3e43e2dc2dec955c4a3e6d95cf43ad33d2c3c,feb,2021,heat,hold,Westminster,679.3921568627451,660.0745098039216,660.0745098039216,27.0,False,False,False
21b906083bd54d4e6bbfdfce40a143bc11cd44d4,feb,2021,heat,hold,Dundalk,722.3846153846154,718.6923076923077,718.6923076923077,60.0,False,False,False
21fd2bcb6d437d3b1e0e0fe5e6f8f22ddffa2e34,feb,2021,heat,hold,Upper Marlboro,717.6923076923077,730.3076923076923,729.1153846153846,0.0,True,False,True
2204d41c1f0bc4a4b80d3a8b8b16518c8b5d4d28,feb,2021,heat,hold,Gambrills,737.3614678899082,737.4348623853211,737.4348623853211,10.0,False,False,False
221acaf70dad2f1b9747b6fd8ea11179c9bccddc,feb,2021,heat,hold,Edgewater,665.1666666666666,679.25,672.75,20.0,False,False,False
22476a7ab822e3d3eba917bd6c4b6f48b67fb40c,feb,2021,heat,hold,Westminster,718.9971671388103,721.3172804532578,720.856940509915,9.0,False,False,True
2261994d8cb2d65df0d0e700d120094c40b8b170,feb,2021,heat,hold,Glen Burnie,697.9114074074074,700.0,700.0,60.0,False,False,False
22712f1b4e5f2aeabdaa82ee7df468d31bc0ee24,feb,2021,heat,hold,Baltimore,669.1454545454545,672.187012987013,672.0623376623377,79.0,False,False,False
22cdba02c1762f4b8475ee47419a8bac57b1e025,feb,2021,heat,hold,Monrovia,740.7454545454545,747.1575757575757,747.0727272727273,0.0,False,False,False
232ba1bdac6d03d117b53c69d46f17e04b325164,feb,2021,auto,hold,Baltimore,642.1292307692307,770.0,644.9846153846154,68.0,False,False,False
232ba1bdac6d03d117b53c69d46f17e04b325164,feb,2021,heat,hold,Baltimore,648.7051282051282,650.0,650.0,68.0,False,False,False
237430be40a88eac267c98da05543ec02354967d,feb,2021,heat,hold,Owings Mills,712.0,682.0833333333334,680.0,10.0,True,False,False
2378843e09849328c907db4fa04616159550d834,feb,2021,heat,hold,Baltimore,717.5333333333333,720.0,720.0,9.0,False,False,False
23814d9e6118700d1737ba1ee1c253a59792c841,feb,2021,heat,hold,Butcher's Hill,693.4883720930233,694.3023255813954,694.3023255813954,0.0,False,False,False
23870b688e33588dd4c832d9a3cbf4f07a577697,feb,2021,heat,hold,Bethesda,618.7106863596872,700.0834057341442,609.0173761946133,0.0,True,False,True
239d3e7a6c305df2be3686fe08d54813af066938,feb,2021,heat,hold,Clarksburg,695.0526315789474,734.0,711.2631578947369,40.0,True,False,True
23a1c6298a7acd126281b3f01da19d4d2c8fa521,feb,2021,heat,hold,Frederick,729.35,733.2,733.2,20.0,False,False,False
23b009510ec69ed9b47663eb0cd2b880d6bc7a56,feb,2021,heat,hold,Severna Park,695.4,694.23,693.42,10.0,False,False,False
23c791e5df86f74739277f5eca3ab083ce24ad78,feb,2021,heat,hold,Rosedale,628.2044790652386,627.3894839337877,627.3281402142162,20.0,False,False,False
23e26615e4db0222169c6ed02578c65af093bcae,feb,2021,heat,hold,Port Republic,694.9313725490196,695.0,695.0,10.0,True,False,True
240eaaa77d90494c4e70bd4ebda8a3ff973a12cf,feb,2021,auto,hold,Baltimore,687.0926275992439,779.5179584120983,689.7646502835539,60.0,False,False,False
241d93f56edd5a9ebbf63d47c2271a8cba4a48c0,feb,2021,heat,hold,Hampstead,683.7953795379537,682.937293729373,682.937293729373,15.0,False,False,False
246a69e0247b394db0a3bc32c8ddb383fb4f4c14,feb,2021,heat,hold,Chestnut Hill Cove,696.0813953488372,700.0,700.0,0.0,True,False,True
2473c7acc01b08fd216c85a48bcefb0bfa51e259,feb,2021,heat,hold,Bowie,737.3983739837398,740.0,740.0,40.0,False,False,False
24b21ea20c9016745371f972262d09eef18c9533,feb,2021,heat,hold,Joppa,666.4363636363636,669.903602058319,669.903602058319,10.0,False,False,False
24b5491cb5362f3e66316a36595d5b6b1264a132,feb,2021,auto,hold,Linganore,673.8971962616822,765.607476635514,675.9252336448598,9.0,False,False,False
250217d2534f8b5105007b0ca2ecde41d7c24bd5,feb,2021,heat,hold,Severna Park,627.8288288288288,620.027027027027,620.027027027027,0.0,False,False,False
254a9de71c9875fd70e886972cd90c6d6a0d2743,feb,2021,heat,hold,Derwood,667.448,699.664,698.504,40.0,False,False,False
256aafef681700ed5ad594ecf32a889d269513f0,feb,2021,heat,hold,Forest Hill,682.0085784313726,683.4577205882352,683.4577205882352,20.0,False,False,False
256ef23701285c02503574d36092e4aa3773b027,feb,2021,auto,hold,Chesapeake Beach,711.15,769.45,719.3,10.0,True,False,True
25960270db464b7d7cce099beb0c372bdf50d51f,feb,2021,heat,hold,Baltimore,740.4285714285714,758.1428571428571,758.1428571428571,10.0,True,False,False
25eee3adfad4bdda619ed04160b768c95f701594,feb,2021,heat,hold,Pikesville,740.3362068965517,736.8965517241379,736.8965517241379,0.0,False,False,False
25f726168de7bd05516fd7ba0dd61d4e42d6daf1,feb,2021,heat,hold,Sandy Spring,697.7893738140417,698.931688804554,698.931688804554,0.0,False,False,False
25f81c7b4abd37513d53089f53ce833cab147ec7,feb,2021,heat,hold,Point Of Rocks,718.1910828025477,724.687898089172,724.6751592356688,15.0,True,False,False
261031f15d4536e83926219fee7b66e81568e631,feb,2021,heat,hold,Rockville,726.5385796545106,730.0,730.0,37.0,False,False,False
264c2ad30880d0369b9d1850b5521aff70f922a6,feb,2021,auto,hold,Ellicott City,700.064980681419,794.6160871092378,702.6501580611169,20.0,True,False,True
26a8b9bc7e2a29b72040269458e9d23397e883ae,feb,2021,auxHeatOnly,hold,Woodstock,715.1029411764706,728.6323529411765,728.75,25.0,True,False,True
270cd4108e161e7cea51dee8a0d3b2ab4f31f54c,feb,2021,heat,hold,Reisterstown,713.074074074074,709.5259259259259,708.4222222222222,20.0,True,False,True
27190be77a6434fdab1d86d0a39326e25dc76574,feb,2021,auto,hold,Lusby,714.7105263157895,778.0526315789474,722.8646616541354,40.0,True,False,True
275d7067680e8cb324e08f309001e433f898c757,feb,2021,auto,hold,Baltimore,679.8187919463087,750.0,686.7114093959732,117.0,False,False,False
27a7fa7f48f87f5eaa9727b2ea576c514e711936,feb,2021,auto,hold,Sharpsburg,706.3731778425656,744.5568513119533,710.9533527696793,0.0,True,False,True
27c17efd79bfbb59b46764a8c1a0b6d7e7945d45,feb,2021,heat,hold,Clarksville,722.0125,720.9902777777778,720.9902777777778,18.0,False,False,False
27d0d9e30805f1f61f15ea88636354bf3077983a,feb,2021,heat,hold,Annapolis,690.8470588235294,699.0,699.0,39.0,True,False,True
27e6c733af6abbef612d53f6e46362f50002aeae,feb,2021,auto,hold,Clarksburg,703.0071428571429,749.65,694.8857142857142,5.0,False,False,False
280bc04c672a09e2ea089ab0a6fa690e26ab9c26,feb,2021,heat,hold,Ellicott City,613.820895522388,624.223880597015,624.223880597015,0.0,False,False,True
284c08a79d153e7981dc017e40e1b90b182d476a,feb,2021,heat,hold,Glen Arm,683.75,712.5,705.5,30.0,False,False,False
285cc9076e68f45b583f743fb686bbd0f8d53955,feb,2021,heat,hold,Baltimore,678.4705882352941,681.6470588235294,680.0,70.0,False,False,False
2883771fa3a9562b8216e07ea1108fba2f01a707,feb,2021,heat,hold,Arnold,730.8333333333334,750.1666666666666,749.4583333333334,30.0,True,False,True
28b09d45e4a0aa27ef2d2b8bfe0ee810c005da45,feb,2021,heat,hold,Reservoir Hill,680.748275862069,683.7896551724137,683.7896551724137,105.0,False,False,False
28eda4a4f7bc861b8630db9fdbd5e32451193ba7,feb,2021,auto,hold,Rockville,687.9287749287749,770.0,689.8860398860398,0.0,False,False,False
28f5c2de21105fb1eb88b6a7600a4ed9693edce5,feb,2021,heat,hold,Monrovia,678.0269151138716,680.8447204968944,680.8447204968944,0.0,False,False,False
28fee0fedf2c64a52049b4db5907cf4cf24e69b9,feb,2021,heat,hold,Clarksville,679.8698113207547,688.952358490566,683.7377358490565,0.0,False,False,False
29029fe692c2db618b42a8aa8c8ba5117d4f092e,feb,2021,heat,hold,Catonsville,710.8139880952381,715.1190476190476,714.9985119047619,0.0,True,False,True
2907c093fd0d4b0e95652b0355d468902c3157e3,feb,2021,heat,hold,Lanham,663.95,716.8,717.1,30.0,False,False,True
296f1897cffab374089199beee2930ea61e4d11c,feb,2021,auto,hold,Silver Spring,710.941031941032,820.0,714.4717444717445,0.0,False,False,False
297f0a102168614b16c0bb27c234e3f25fb25463,feb,2021,auto,hold,Annapolis,696.1137955182073,760.0,700.0,50.0,True,False,True
29a5055a373dfe051c2baaff97504ec6e47196a1,feb,2021,heat,hold,Highland,630.7565789473684,621.2406015037594,621.2406015037594,0.0,True,False,True
29cc03dd088f90cad9f9484f5c6e11bc858bf89d,feb,2021,heat,hold,Waldorf,674.175,740.9666666666667,740.9666666666667,0.0,True,False,False
29ebeb10e94bb621e78a01243162d87192c88cd9,feb,2021,heat,hold,Severna Park,705.0,730.0,730.0,55.0,False,False,False
2a2571f467faf644194109ccd33c01c3bce00aa1,feb,2021,heat,hold,Woodlawn,676.4545454545455,672.3522727272727,672.125,0.0,True,False,True
2a2ee3ab07b1899b3a4022cde5498263d5445be4,feb,2021,heat,hold,Severna Park,697.7112171837708,700.9463007159904,700.9463007159904,50.0,False,False,False
2a6c1bb31aa8bf857b36c34423a82cc55f00c681,feb,2021,heat,hold,Fulton,672.4789533560864,678.2688661357604,678.2688661357604,10.0,True,False,True
2ac556ee313d30339b3e97b378bc2d410e58b7b6,feb,2021,heat,hold,Baltimore,700.071496663489,702.1525262154432,701.8856053384176,75.0,True,False,False
2af163a8325aea90ef8cf9ac9fc2ef81b67b396c,feb,2021,heat,hold,Towson,646.8695981804398,638.027293404094,638.027293404094,60.0,False,False,False
2b1dcb33e1e9b1410c7084764211cdc4d33dedc2,feb,2021,heat,hold,Severna Park,635.8103448275862,690.0344827586207,690.0344827586207,40.0,False,False,False
2b879cf87f375700e89d91187235db1a24035d8f,feb,2021,heat,hold,Kensington,705.2758620689655,680.0,680.0,18.0,False,False,False
2b8bf4fe4855ce4ee073b7e979eb080072f1723b,feb,2021,heat,hold,Woodlawn,744.8189655172414,760.6120689655172,760.6120689655172,27.0,True,False,True
2b8ce898cd018c018e38c9d4da709b0800007eb4,feb,2021,auto,hold,Pasadena,711.5431186202042,770.0,720.0,25.0,True,False,True
2bbf0a5d3dcad557104030b39d5c537075332241,feb,2021,heat,hold,Annapolis,693.8512396694215,693.305785123967,691.7107438016529,99.0,True,False,False
2bca32488e174b683eb082a3930c759c2737847f,feb,2021,auto,hold,Gaithersburg,688.200495049505,780.0,692.3267326732673,25.0,False,False,False
2c4c61716d050fdc779ef170fd56fe892e70ab46,feb,2021,heat,hold,Cockeysville,682.25,687.6276595744681,687.436170212766,27.0,False,False,False
2c657d7c3270db35682c0f43d69ed7b02e8ba577,feb,2021,auto,hold,Ellicott City,671.0,755.0,705.0,0.0,False,False,False
2c657d7c3270db35682c0f43d69ed7b02e8ba577,feb,2021,heat,hold,Ellicott City,667.188524590164,681.5109289617486,671.811475409836,0.0,False,False,False
2c67a6937a19f2a1527d27eb9141bbd7f067939f,feb,2021,heat,hold,Waldorf,677.1129943502825,710.0,710.0,37.0,True,False,True
2ca1246eb360d0877092e1811f78de26261fa75f,feb,2021,heat,hold,Jarrettsville,678.2666666666667,642.9090909090909,642.9090909090909,38.0,True,False,True
2cdcd14ddd8ffca537e939f37b55ccec77cfc4af,feb,2021,heat,hold,Crofton,686.8295454545455,690.0,690.0,40.0,False,False,False
2d05522f311617c8f1ae8298584ce97a838ca3ec,feb,2021,auxHeatOnly,hold,Port Deposit,683.7592592592592,735.0,685.0,40.0,True,False,True
2d05522f311617c8f1ae8298584ce97a838ca3ec,feb,2021,heat,hold,Port Deposit,689.4166666666666,734.8333333333334,684.9166666666666,40.0,True,False,True
2d0d143aef6d2a371d9e065a310f8020c5ce5aa3,feb,2021,heat,hold,Upper Marlboro,724.276836158192,729.0225988700565,728.9935431799838,0.0,False,False,False
2d0d6899d5bec251d6c53188eaf3045df678fac5,feb,2021,auto,hold,Baltimore,681.5508849557522,728.3075221238938,643.7765486725664,5.0,False,False,False
2d0d6899d5bec251d6c53188eaf3045df678fac5,feb,2021,heat,hold,Baltimore,702.7727272727273,800.0,700.0,5.0,False,False,False
2d1934853c98de754b852667cc61023d0d9bab6a,feb,2021,heat,hold,Huntingtown,728.6875,741.90625,741.4895833333334,0.0,False,False,True
2d1cf2af29396293ff30e0183a7efc908a236890,feb,2021,heat,hold,Montgomery Village,675.8038049940546,681.1640903686088,681.1640903686088,35.0,True,False,True
2d7840f1ae3eccf150a7d975e13465994d9e5153,feb,2021,heat,hold,Reisterstown,658.3754838709677,659.5217204301075,659.5217204301075,0.0,True,False,True
2de988a235bdf237133cc351ed61e2d90f6b97ed,feb,2021,heat,hold,Hanover,708.5683297180043,711.177874186551,711.177874186551,0.0,False,False,False
2df7b5b78e3d3cb6f1c501207676d3d5835f0373,feb,2021,heat,hold,Silver Spring,712.652950310559,711.2158385093168,711.2158385093168,50.0,True,False,False
2e120252fde2bc6eb2098142c6e33c7a5254f9d8,feb,2021,heat,hold,Columbia,662.5,640.25,640.25,60.0,False,False,False
2e2c71a1bb0dc99fb400de5b6565ae3a6f096e92,feb,2021,heat,hold,Glen Burnie,756.5059037238874,758.8619436875567,758.8891916439601,0.0,False,False,False
2e40a51b2b9cc8921ccabc1bd9a781d07927cfdf,feb,2021,auto,hold,Bowie,659.3333333333334,730.0,634.8571428571429,0.0,True,False,True
2e6860e39e282fe307dc143f9e325d014b72a63f,feb,2021,heat,hold,Elkridge,658.5555555555555,665.4222222222222,663.9555555555555,5.0,True,False,False
2e843589d91fb30bc64f77819e0db1c1f6552d70,feb,2021,heat,hold,Columbia,687.8309124767226,690.0,690.0,65.0,False,False,False
2e8b6e0a82fd5c1f51fb2b280aa82d39323df92d,feb,2021,auto,hold,Severna Park,683.0,762.0,674.0,10.0,True,False,True
2e8cc49cbd73a1135ff3b37497558f69430ba768,feb,2021,auto,hold,Laurel,673.7859195402299,773.2112068965517,679.926724137931,0.0,True,False,True
2e8cc49cbd73a1135ff3b37497558f69430ba768,feb,2021,heat,hold,Laurel,683.9651639344262,718.6919398907104,693.6051912568306,0.0,True,False,True
2e8d2b66b6f11fa7c97f62d58f8a35c623da01c3,feb,2021,heat,hold,Clarksburg,733.1149425287356,739.5402298850574,739.4252873563219,0.0,False,False,False
2e91e9b415cc417ad50f9ae229fec0005b4c468c,feb,2021,heat,hold,Middletown,687.6809378185525,690.0,690.0,5.0,True,True,True
2f6dfba4363572c5c979143c0032663df02b45b1,feb,2021,heat,hold,Laurel,698.2151898734177,702.126582278481,701.5316455696203,15.0,False,False,False
2f8618d65e3363fe594b655a9a586f055f7801c6,feb,2021,heat,hold,Upper Marlboro,740.5071684587814,746.31541218638,746.1720430107526,10.0,False,False,False
2fd1480818a6511bb988421a58a0a071ea3cbaa3,feb,2021,heat,hold,Rockville,655.2592592592592,650.2222222222222,650.074074074074,50.0,False,False,False
2fde63b543f9dcd2e3243e769d1445e01d914479,feb,2021,auto,hold,Arnold,741.0,774.4583333333334,735.7916666666666,0.0,True,False,True
2fde63b543f9dcd2e3243e769d1445e01d914479,feb,2021,heat,hold,Arnold,747.7853535353536,750.9141414141415,750.39898989899,0.0,True,False,True
2fff449605dc01dc0d5397f44daf1db22dab145f,feb,2021,heat,hold,Westminster,700.0467289719626,709.626168224299,707.3399532710281,37.0,True,False,True
3062d9e968925c10e9471cc20a9b878a2f3eb089,feb,2021,heat,hold,Pikesville,693.7628205128206,650.0,645.0,15.0,False,False,False
30658c45e8db94d4920c9384585684b1045d80b5,feb,2021,heat,hold,Severn,678.1846405228758,673.6797385620915,673.6797385620915,10.0,True,False,False
306c92de18f6f9645195b0f7c4d014d84952ae36,feb,2021,heat,hold,Annapolis,590.8985507246376,650.0,598.6521739130435,10.0,False,False,False
307ff3472f411e4d2f58da76004f8b62293179bd,feb,2021,heat,hold,Columbia,711.4991103202847,715.2508896797153,715.2508896797153,30.0,False,False,True
30940a4830010ff13af61076188305ad0e7240d6,feb,2021,heat,hold,Edgewater,669.6676646706587,672.0688622754491,671.2784431137725,70.0,False,False,True
30c2ddced206080b20b9308063ec40e88458adf6,feb,2021,heat,hold,Columbia,766.1104078762306,766.876582278481,766.8786919831224,50.0,True,False,True
30cf0d76842af44aa1dc353491ff8f26a6b9e070,feb,2021,heat,hold,Perry Hall,688.0815047021944,720.0,680.0658307210032,18.0,False,False,False
30d7c5150961b6d6bc9dbde76d2d9ba8d337b72f,feb,2021,heat,hold,Arnold,712.8103448275862,718.9655172413793,718.9655172413793,30.0,False,False,True
312c2d900cd5607028149536fb5e667ee165c3e3,feb,2021,heat,hold,Essex,675.3018867924528,676.9811320754717,676.9811320754717,37.0,True,False,True
314227a0fe2fb0ee2d3ba208e4020ab677b9943b,feb,2021,heat,hold,Bel Air,705.0035842293906,706.5985663082437,706.5985663082437,20.0,True,False,False
314f63e9f8310124f5d0c8869fd9063d39b2706f,feb,2021,heat,hold,Monkton,651.2966507177033,651.3684210526316,650.3157894736842,10.0,True,False,True
315ec286040baab67fe4d28233116e54f4ada812,feb,2021,heat,hold,Upper Marlboro,647.8270631067961,649.0060679611651,649.0060679611651,50.0,False,False,False
319046dc2c62223cbdd3e77deb1591ce595b9c0e,feb,2021,heat,hold,Aberdeen,699.3270564915758,701.5748265609515,701.5652461182689,97.0,False,False,False
3206ef5bef01d027c1a68486de70c6fa40ac9d0d,feb,2021,auxHeatOnly,hold,Churchville,668.3913043478261,708.9565217391304,708.9565217391304,0.0,True,False,True
3206ef5bef01d027c1a68486de70c6fa40ac9d0d,feb,2021,heat,hold,Churchville,690.9941690962099,699.6530612244898,699.6530612244898,0.0,True,False,True
32117046e44e2bf2c93c4015d81983be06860d55,feb,2021,cool,hold,Capitol Heights,754.8111587982833,747.4420600858369,747.4420600858369,0.0,False,False,False
32117046e44e2bf2c93c4015d81983be06860d55,feb,2021,heat,hold,Capitol Heights,775.657917019475,757.1380186282811,757.1380186282811,0.0,False,False,False
3216e89342f1a110ea4f31cc5b44f522a679f67c,feb,2021,heat,hold,Ellicott City,680.3548387096774,690.0,690.0,20.0,False,False,False
321f3e79e5047723637a5d68b884562827c20711,feb,2021,heat,hold,Cockeysville,695.5,730.0,730.0,35.0,False,False,True
323dc13650d1d5508b7f565a0048a7a8cbc112b1,feb,2021,auxHeatOnly,hold,Frederick,683.4996389891696,691.4126353790614,691.4126353790614,10.0,False,False,True
326cb3286b5675d985136dda8bc4257adb0bc9ac,feb,2021,auto,hold,Edgewater,698.1881188118812,730.0,700.0,15.0,True,False,True
326e0453be392ad0be70cdab59ee30128e50da75,feb,2021,heat,hold,Nottingham,662.1764705882352,650.0,636.1437908496732,20.0,True,False,True
32b18c6505f82318e59d470a2762890c9bdc2d16,feb,2021,heat,hold,Baltimore,621.4516324062878,650.0,562.7944377267231,0.0,True,False,True
32d90c7c13d8bc6b7b682e4e044ea1bbff89dc7c,feb,2021,heat,hold,Towson,658.8801652892562,648.0247933884298,648.0247933884298,50.0,False,False,True
32eb26079f8c3af1f60a6c91eccd9806b904026a,feb,2021,heat,hold,Elkridge,707.4472049689441,687.7701863354038,681.8136645962733,15.0,True,False,False
33184e17932929d2471f5b3f9e8ae85399658b10,feb,2021,auto,hold,Centreville,682.7096774193549,755.6774193548387,689.6129032258065,0.0,True,False,False
335894a63b34248e0dd97960cff5fb1e8530e473,feb,2021,heat,hold,Annapolis,723.375,730.7307692307693,729.7980769230769,10.0,False,False,False
336eb49faa0ef3aca838e0c1e69dc1e9c1f295a1,feb,2021,heat,hold,Annapolis,699.728241563055,704.5648312611013,704.5648312611013,0.0,True,False,True
338f36a8a6d38ed3fc1d80c712927f7376e188cb,feb,2021,heat,hold,Columbia,715.6706881143879,720.0,720.0,7.0,False,False,False
3397b4e26c815611af66a7cca6717c57e8ef4da9,feb,2021,heat,hold,Baltimore,751.7652417659425,751.7582340574633,751.7582340574633,10.0,False,False,False
33bbc02f40c3fba939881b0fd05b76d12ba308eb,feb,2021,auxHeatOnly,hold,Annapolis,720.0,724.6551724137931,724.6551724137931,20.0,False,False,True
33bbc02f40c3fba939881b0fd05b76d12ba308eb,feb,2021,heat,hold,Annapolis,711.1553398058253,728.0,728.0,20.0,False,False,True
341b6f70f1431cfbff827b0683e6dd1161bdddc9,feb,2021,heat,hold,Bowie,736.9399509803922,740.0,740.0,5.0,False,False,False
3432c93725fb1b0f715a74a419fc11a2cfb46b81,feb,2021,heat,hold,Abingdon,636.8667972575906,628.8060724779627,628.8060724779627,0.0,True,False,True
3474b6cac02eb80a1ba6814bdcf58f4cdce8a579,feb,2021,heat,hold,Baltimore,668.842155919153,659.8070259865256,658.6308950914341,60.0,False,False,False
3492f34ed3550a1a7187d2fbd9f6eb39af3b6034,feb,2021,heat,hold,Bel Air,683.8586341887777,687.8099173553719,687.8099173553719,5.0,False,False,False
349e1846d16f7952f9209762f5a4411ff910559c,feb,2021,heat,hold,Edgewater,715.2433574879227,717.9619565217391,717.9619565217391,10.0,False,False,False
34bc0660ecd7ab7cebcf0a8a2a246a484cf563c2,feb,2021,auto,hold,Bel Air,678.6944444444445,730.0,680.0,39.0,True,False,True
3504f9bf5400d16098e9be93393b52fa745c209c,feb,2021,auxHeatOnly,hold,Crownsville,680.8214285714286,691.4464285714286,690.1607142857143,60.0,True,False,True
3513ad75d03601c0651938f5603d209798212e15,feb,2021,heat,hold,Bel Air South,684.6395939086294,683.6700507614213,682.4873096446701,40.0,True,False,True
3548bc4122173995ee424c6bd4cb1715da251cdd,feb,2021,heat,hold,Baltimore,637.0344827586207,640.2068965517242,640.1034482758621,90.0,False,False,False
356b48592a142fa34e1d6af48f013d1fb4fff648,feb,2021,heat,hold,Nottingham,677.2789473684211,682.5894736842105,681.0105263157894,50.0,False,False,False
359510ed6ad41f9b20b55f652338afcf9ff39eef,feb,2021,heat,hold,Towson,669.6295336787565,673.9611398963731,673.6735751295337,77.0,False,False,False
35d0f7ed021067d8221dc936db4979f677cff843,feb,2021,heat,hold,Baltimore,725.4035656401945,732.1555915721232,732.1555915721232,0.0,False,False,True
35e3ae3e7c3d8f06ad1a776ad5908ca85edb6c44,feb,2021,heat,hold,Laurel,680.1666666666666,701.6060606060606,699.2424242424242,19.0,False,False,False
3663cb3454b8ba4ceec667c1cb4fe716143c1feb,feb,2021,heat,hold,Rosedale,694.2857142857143,720.8,697.8285714285714,20.0,False,False,False
36caeda4e49889b1f1344741501033c520de54d0,feb,2021,heat,hold,Windsor Mill,689.6507731958762,693.2564432989691,693.2564432989691,60.0,True,False,True
36d33f6e9dfd7c775ca2b6906fd112c1455f931e,feb,2021,auto,hold,Hyattsville,672.0833333333334,716.5384615384615,659.2051282051282,0.0,False,False,False
36d4a31a13cf5a2cc3a0ae70e52caf2d3a506189,feb,2021,heat,hold,White Plains,687.9376724931003,690.0,690.0,45.0,False,False,False
36f674165960100c38147889ad3b6c586ec646a9,feb,2021,heat,hold,Marriottsville,705.3987915407855,698.6465256797583,698.3141993957704,0.0,False,False,False
371e669818ab2bf1ef2daf5c2632278ff85cbd9d,feb,2021,heat,hold,Edgewater,685.6252086811352,689.6318864774624,689.6318864774624,10.0,False,False,False
372f4b3eccb1dae8cafa256fa641df895eb48cd1,feb,2021,heat,hold,Baltimore,695.321554770318,700.3180212014134,700.3180212014134,0.0,False,False,False
3756234b54cb2413078af4c7b6853a7f81fea061,feb,2021,heat,hold,Owings Mills,686.918918918919,690.0,690.0,20.0,False,False,False
3767f1d48c1b4e4111363e31fd0ea9a46964721a,feb,2021,heat,hold,Frederick,672.4452086198992,675.0,675.0,0.0,False,False,False
3769d8efc0a4e0bc6a2634536fafe2f373120c81,feb,2021,heat,hold,Port Deposit,725.3105341987019,709.3564653020469,709.3564653020469,10.0,False,False,False
37c5c5981f133a58e486a047f99a36c81b8533be,feb,2021,auto,hold,Ijamsville,701.6994535519126,763.8306010928961,713.8306010928961,5.0,False,False,False
38598b659cc15010d0d5b9ffea58f1e75457d57a,feb,2021,heat,hold,Baltimore,707.5121951219512,717.0,715.829268292683,0.0,True,False,True
386e55918e486d64c85ec56a1600e5a092963f13,feb,2021,heat,hold,Upperco,650.1162308011623,657.9867164798671,657.9867164798671,10.0,False,False,True
387cf8d56226f85fe880807b5072a604af50a2ff,feb,2021,cool,hold,Laurel,694.0359477124183,701.4346405228758,701.2026143790849,15.0,False,False,False
387cf8d56226f85fe880807b5072a604af50a2ff,feb,2021,heat,hold,Laurel,696.4822695035461,738.0992907801418,737.4397163120567,15.0,False,False,False
39176e1f725a210b2a347ff7570decc026ae436a,feb,2021,auto,hold,Odenton,656.3095238095239,700.0,650.0,20.0,False,False,False
396c0c5d6ed373606baf2fd484bd673903b82cef,feb,2021,heat,hold,Salisbury,678.6656151419559,700.0,680.0,105.0,True,False,True
3994bb553ad355de658d6bc4471b9d3ef2823ea9,feb,2021,heat,hold,Baltimore,684.1888888888889,683.0683760683761,683.0683760683761,10.0,False,False,False
39971b4be467ad96ec49ba81d04a031845f0ebc4,feb,2021,heat,hold,Baltimore,666.461211477152,670.0,670.0,6.0,False,False,False
39e2a737fc0f276552b41d69f29ce84c85812b82,feb,2021,heat,hold,Annapolis,688.6098039215686,700.0,690.0,50.0,False,False,False
39fcf30aaeedd087da49c215089806ea0f922858,feb,2021,heat,hold,Hyattsville,679.3691983122363,677.8481012658228,677.8481012658228,0.0,False,False,False
3a2e43a886ba1468f28d884ddef0f2bba6e525f9,feb,2021,auto,hold,Laurel,681.2826797385621,770.0,680.0,18.0,False,False,False
3ab2a780121384d3512705bf7ac398973e8e9968,feb,2021,heat,hold,Columbia,732.076231060606,737.9303977272727,737.9303977272727,25.0,False,False,True
3b4d8b8cc450150f4648106c21d2586f6b574648,feb,2021,heat,hold,Baltimore,692.3947976878612,696.2138728323699,690.6132947976879,0.0,True,False,False
3b5dbc8bec369d890895f2e5765825cb2d7bbeab,feb,2021,heat,hold,St Inigoes,688.10964332893,688.6785557023338,688.6389255834434,0.0,True,False,True
3b7e46875387e3cfe275ef099d6000dd1b011351,feb,2021,auto,hold,Woodstock,643.3340707964602,775.0,645.0,0.0,True,False,True
3bb8eca2d90f19d41cd10ed41aa2cb3378829b98,feb,2021,heat,hold,Colesville,752.3290322580646,762.7548387096774,762.3032258064516,35.0,False,False,False
3bc7335371d9faeb0ff1c14536f00a073e3ab440,feb,2021,heat,hold,Havre de Grace,676.7872340425532,678.8014184397163,677.9787234042553,25.0,False,False,False
3bfad11fc58746b7a595e964ea350a3b3885d506,feb,2021,heat,hold,Towson,692.96875,700.84375,699.578125,80.0,True,False,True
3c3b1340599c374d453bdbff5fab0049168116a0,feb,2021,heat,hold,Essex,696.3435582822086,703.7344434706398,703.7081507449606,50.0,False,False,False
3c5a3ff56ca4afed18b5a127bb3be653f56982bf,feb,2021,heat,hold,Odenton,697.8860589812332,697.1099195710456,697.1353887399464,0.0,False,False,False
3c66d620a0386977afb640d27c420e67b0ac3a62,feb,2021,heat,hold,Annapolis,687.6272522522522,685.2192192192192,685.2192192192192,5.0,False,False,False
3ca8a0535e2637df96099614e2255a53af9476fd,feb,2021,heat,hold,La Plata,729.8986402966625,731.1328800988875,731.1328800988875,0.0,True,False,True
3caa8d8f9713f513e3141d098b9d56c780f596af,feb,2021,heat,hold,Ellicott City,727.5008012820513,730.0,730.0,0.0,False,False,False
3cb8b62d48b8aa36cabe533bf2489dd765504381,feb,2021,heat,hold,Westminster,692.9583333333334,701.1666666666666,699.7083333333334,0.0,False,False,False
3cc22ac67f16658408d2788d4d7506882b3d9734,feb,2021,heat,hold,Belcamp,650.5082508250825,667.072607260726,652.5643564356436,20.0,True,False,True
3d083477be3b9220649b62c4cea7b3e10658073b,feb,2021,heat,hold,Bowie,716.8203152364273,720.0,720.0,20.0,False,False,False
3d22e7dee061d91d54c9ebc451f69b4dde62a2b7,feb,2021,auto,hold,Eldersburg,746.5526315789474,800.0,750.0,0.0,False,False,False
3d22e7dee061d91d54c9ebc451f69b4dde62a2b7,feb,2021,heat,hold,Eldersburg,746.7441860465116,750.0813953488372,749.9418604651163,0.0,False,False,False
3d621765c3f761487c5716fe7c901a462d26b137,feb,2021,auxHeatOnly,hold,Silver Spring,692.2331437855402,686.5052802599513,686.5052802599513,0.0,True,False,True
3d621765c3f761487c5716fe7c901a462d26b137,feb,2021,cool,hold,Silver Spring,701.0425531914893,704.7801418439716,704.7801418439716,0.0,True,False,True
3dbd172d23196366d9663669988750348ada7c8c,feb,2021,heat,hold,Baltimore,683.6666666666666,680.0,680.0,0.0,False,False,False
3dd7427dd7ff1eaaa75841ede8ede1eaff8634d4,feb,2021,heat,hold,Baltimore,687.6068965517242,698.7586206896551,692.0,0.0,True,False,False
3df2e03badc9eb7ac62b996f04f023cce267fc9b,feb,2021,heat,hold,Annapolis,589.5508849557522,578.8274336283185,578.8274336283185,50.0,True,False,True
3e38073a36e1f87f4939cc3bb1e4e0300fe82c52,feb,2021,auto,hold,Gaithersburg,688.375,750.0,690.0,19.0,True,False,False
3e97012140db70a8fcf5c3f6e4098809c1940512,feb,2021,auto,hold,Parkville,723.6716417910447,787.0059701492537,722.868656716418,0.0,False,False,False
3ec020c9c525116ba3a7bace47cc7eb077746874,feb,2021,heat,hold,Marriottsville,674.6551724137931,720.0,680.0,15.0,False,False,False
3ededda4c1c9ac271f971594b28c8bef61adfe5f,feb,2021,heat,hold,Owings,621.8958333333334,653.4583333333334,644.3333333333334,30.0,False,False,True
3f28f17b601ddbf26b165e2352f0f29a37f97802,feb,2021,heat,hold,Baltimore,712.0801687763714,717.746835443038,717.746835443038,10.0,False,False,False
3f353e59762ba51e0cc5bc6c36e11ce9242c0a57,feb,2021,heat,hold,Elkridge,705.4,700.0,700.0,0.0,False,False,False
3f60cc42d6e6814329c3b933680683905179f6cb,feb,2021,heat,hold,Edgewater,687.7409502262443,690.0,690.0,10.0,False,False,False
3fa31166deb8f33870d50b8da4bae2723005609d,feb,2021,heat,hold,Edgewater,660.4305555555555,666.9166666666666,664.7222222222222,15.0,False,False,True
402cc8da537e1d5ac8ea1acad4ff866fb75b019b,feb,2021,heat,hold,Odenton,715.7136659436009,719.8720173535792,719.8112798264642,20.0,True,False,False
4031a012ac606fd4b3eccafadcf84efbfbea1ba7,feb,2021,heat,hold,Bowie,752.5756385068762,747.5962671905697,747.5103143418468,10.0,False,False,False
404269cb210cae4edebb5938aa021b3fbfaacad7,feb,2021,auto,hold,Woodstock,696.225,790.0,670.0,0.0,True,False,False
40c681cbaf2e34b891335fd5333afdd10a9cc423,feb,2021,heat,hold,Severna Park,679.7258823529412,679.3627450980392,679.3627450980392,47.0,False,False,False
41012032d6f7685bfcc80d8ab805d03fdea37c6c,feb,2021,heat,hold,Rockville,694.9130434782609,724.0,700.0,50.0,False,False,False
4150ef459f870a61b42310ac8cff0e53c7bb9ca6,feb,2021,heat,hold,Indian Head,680.3394495412844,685.0,685.0,0.0,True,False,False
417736e75ae0796909f57f4d01c65dff35e14077,feb,2021,heat,hold,Annapolis,710.5959183673469,690.021521335807,690.021521335807,60.0,True,False,True
417a165860ca3f2ed86b580f28243733f9f55078,feb,2021,auto,hold,abingdon,690.7155477031802,809.4876325088339,693.4394876325089,0.0,True,False,True
41b671126ba91a14e84955e841cc0849dce34a36,feb,2021,auto,hold,Crofton,707.7540983606557,760.0,710.0,0.0,False,False,False
41ca5a65c6563244b4d67dd493801d49277af6aa,feb,2021,heat,hold,Somerset,706.4666666666667,710.0,710.0,60.0,False,False,False
4209489f16cf23382227d459fe41b3ae00eba494,feb,2021,auto,hold,Upper Marlboro,680.0,770.0,720.0,5.0,False,False,False
422120b2c401ad1c22373ff037d35ae64c194fcb,feb,2021,heat,hold,Catonsville,713.6484375,716.5859375,716.5859375,30.0,True,False,True
426804720e4dd07e6ad0bec6dbda6c952c69c9e3,feb,2021,heat,hold,Baltimore,705.9478114478114,713.5858585858585,713.5858585858585,5.0,False,False,False
428810e1658a1744537090739de782c18aa4354d,feb,2021,heat,hold,Gaithersburg,672.4772727272727,670.25,665.6704545454545,30.0,False,False,False
42b723dd5596e80e103a46f4bf9ab7ff9c6dec4d,feb,2021,heat,hold,Annapolis,735.8823529411765,720.0,720.0,9.0,False,False,True
42c8f3e80fbac0d54c8ca035e9258ef5cd9012ce,feb,2021,heat,hold,Annapolis,696.1374207188161,705.970401691332,705.8097251585624,10.0,True,False,True
432c9b7f1dd41075e5c98e8172ec290181f61f32,feb,2021,heat,hold,Towson,626.7623007623008,627.014553014553,627.014553014553,0.0,False,False,False
4336a9e7f5602deba676c48d32789b02d765747d,feb,2021,auto,hold,Cordova,685.1666666666666,840.0,687.5301837270341,10.0,False,False,True
43382abf94e53eb433f7678a682dab51d1619c46,feb,2021,heat,hold,Middle River,722.5897108843537,730.0,730.0,25.0,True,False,True
4344310f9c7fc4c5a99731b527217a30d9788bf0,feb,2021,heat,hold,Baltimore,762.6276595744681,765.2872340425532,765.2872340425532,0.0,True,False,False
437913df09f5337c5952ce96fb6b0c01449ff877,feb,2021,heat,hold,Manchester,708.5384615384615,709.2642140468228,709.2642140468228,35.0,False,False,False
4389e1b06077a81d12cf2b8b3167a1bab56274f9,feb,2021,heat,hold,Baltimore,755.3227752639517,757.894419306184,757.894419306184,99.0,False,False,False
438a6815a1b413836946b55e0c6eb42e3f732571,feb,2021,auto,hold,Potomac,716.7230331078675,800.0,720.0,50.0,False,False,False
438dcdf096622861afe86313d2b256126dfbc50a,feb,2021,heat,hold,Sparrows Point,681.4843601895734,684.098262243286,684.098262243286,0.0,False,False,True
43a69f53ee971ffcdc41fb49cde6fa22a6704b3c,feb,2021,heat,hold,Middle River,677.377358490566,676.6037735849056,676.6037735849056,0.0,False,False,False
43b3834f62b159348e260e698023f839c3eb6140,feb,2021,auto,hold,Reisterstown,738.7818532818533,792.8629343629343,737.507722007722,20.0,False,False,False
43e9fce3c503c32828db296fa6a516b61630069e,feb,2021,cool,hold,Brunswick,685.7962962962963,659.5555555555555,597.7777777777778,7.0,False,False,False
43e9fce3c503c32828db296fa6a516b61630069e,feb,2021,heat,hold,Brunswick,690.6125925925926,688.5925925925926,688.5925925925926,7.0,False,False,False
443fbec318cb348e6daafae06f595a36954ae0e3,feb,2021,auto,hold,Bowie,714.3417366946778,769.4649859943978,719.4565826330532,60.0,False,False,False
446c1b1664f2ffbc25ce6e34ccdaa94ff29156b7,feb,2021,heat,hold,Ellicott City,695.1413612565445,700.0,700.0,10.0,False,False,False
450003fd49c9ccc7b8ddbe0dea5dcbb148d3a4d1,feb,2021,heat,hold,Harwood,736.8269754768393,741.5108991825613,741.4673024523161,40.0,True,False,True
451c51733aac4546ce4b492fd9f7dfa1ebbec07b,feb,2021,heat,hold,Ellicott City,722.2345679012345,726.0246913580247,725.8765432098766,29.0,False,False,True
4539defcb0b5d3cc00f4df66a87ace0af1516bf2,feb,2021,heat,hold,Aberdeen,707.0967320261437,706.1045751633987,706.0823529411765,0.0,False,False,False
45c5268867f98622b3f475973eb548c75807cf9a,feb,2021,heat,hold,Rockville,723.9394190871369,726.8634854771784,726.8634854771784,56.0,False,False,False
460f73aef238f7db4911e5d9be5666b82ea9f647,feb,2021,auto,hold,Silver Spring,676.0,750.0,700.0,30.0,False,False,False
4623f302f2f4ea65e51d0d995a2926085052b21d,feb,2021,heat,hold,Huntingtown,666.3708333333333,750.0,668.0944444444444,30.0,True,False,True
462617b2e8bc84176ebb55874f0fb56ecc1f8954,feb,2021,heat,hold,Ocean City,555.7432780847146,650.0,550.0,0.0,False,False,False
462d05540321e1b1215d651816f6451f4bfb3b7b,feb,2021,heat,hold,davidsonville,710.3787878787879,717.7575757575758,717.7575757575758,20.0,True,False,True
4675cc59c44c15a0b4f9b31aa8c3428a5cc918c6,feb,2021,heat,hold,Baltimore,676.9481481481481,693.9125925925925,674.7081481481481,5.0,True,False,True
4705c72ada41ba9039132f8db6fd43637b21729b,feb,2021,auto,hold,Lutherville Timonium,697.8648881239243,760.0,700.0,50.0,False,False,False
477ed6d30db9155582074ec585036cfbf63f06fa,feb,2021,heat,hold,Elkridge,698.4615384615385,700.0416666666666,700.0416666666666,15.0,True,False,False
479568041e0b085902f8dc859ec0872d27d8cc64,feb,2021,heat,hold,Baltimore,688.5479274611399,694.1113989637306,694.1113989637306,0.0,True,False,False
479f9286121d7be0f0a82f265e4437a4499d2b7a,feb,2021,heat,hold,Rockville,688.3738095238095,696.5714285714286,684.4285714285714,30.0,False,False,False
47c4a030497716005d9e38e1611e89d13f164790,feb,2021,heat,hold,Severn,715.3778011204482,717.1428571428571,717.1428571428571,49.0,False,False,False
47df96e531d0a36c80e2973599b9f1f2df813da0,feb,2021,heat,hold,Germantown,630.3846153846154,650.0,640.0,25.0,False,False,True
47f6d683f45add554f8bb0be648ba22c4f2402b5,feb,2021,auto,hold,Baltimore,687.9108910891089,745.0,695.0,60.0,False,False,False
47fa62f01284d452b6c9478eb5b5a5b75a1b1ecd,feb,2021,heat,hold,Finksburg,699.8732394366198,704.0281690140845,704.0281690140845,0.0,False,False,False
4826cab25abd7e31db0e08850c0c4c5606a10881,feb,2021,heat,hold,Abingdon,683.3900129143349,685.2483857081361,685.2483857081361,0.0,False,False,False
4947c42e9a15a276090473b72c8190f774ad7dba,feb,2021,heat,hold,Baltimore,704.3711340206186,720.0,720.0,30.0,True,False,True
49556de5b4466e20f5ee8ac060762ecc8b272b30,feb,2021,auxHeatOnly,hold,Westminster,640.943219772879,643.2030728122912,643.2030728122912,20.0,True,False,True
49556de5b4466e20f5ee8ac060762ecc8b272b30,feb,2021,heat,hold,Westminster,618.9166666666666,620.0,620.0,20.0,True,False,True
495a215a91878d4a498eb65a4a60e3471050da15,feb,2021,heat,hold,Baltimore,697.7894736842105,700.0,700.0,90.0,False,False,False
49ad2ec42a24ca792a1432903bf39214211d5131,feb,2021,heat,hold,Baltimore,697.1161825726141,705.551867219917,704.4522821576763,0.0,False,False,False
49d0f032898993aeffbeff199aca0809c53c591f,feb,2021,heat,hold,Jessup,749.3282442748092,751.1832061068702,749.1450381679389,0.0,False,False,False
4a0d24ba5d13306a8daad717bf17f57c10263f1b,feb,2021,heat,hold,Essex,642.3542074363992,645.5499021526418,645.5244618395303,37.0,True,False,True
4a83326191d37bccdd54bccc4c605fa5fa494d6c,feb,2021,heat,hold,Aberdeen,705.1311475409836,710.0,710.0,10.0,False,False,False
4aa654d3c33abc383e375c7900763613a2d302e9,feb,2021,heat,hold,Bowie,676.9940174873446,679.9967786470318,679.9967786470318,0.0,True,False,True
4ae6693d32d1ac9bca879ba47332cc94c19b56e3,feb,2021,heat,hold,Baltimore,733.9223300970874,736.6504854368932,736.6504854368932,20.0,False,False,False
4b2da443a601b562ff78b1c3d1cb6be354a1ace3,feb,2021,auxHeatOnly,hold,Monrovia,616.065934065934,650.0,620.0,0.0,False,False,True
4b2da443a601b562ff78b1c3d1cb6be354a1ace3,feb,2021,heat,hold,Monrovia,657.4601769911504,672.8318584070796,672.8318584070796,0.0,False,False,True
4b8e0b8bcb50afa953191e8da7247bb8f7e8188e,feb,2021,auto,hold,Rockville,686.2857142857143,760.0,680.0,60.0,False,False,False
4b9d56d6e822a390ee29b63eb803980216a22025,feb,2021,auto,hold,Phoenix,657.29173693086,785.2613827993255,660.539629005059,37.0,True,False,True
4bfc46442bf77b063a8724ed7570d66bc825a0eb,feb,2021,heat,hold,Laurel,681.2857142857143,684.7312925170068,684.7312925170068,10.0,False,False,False
4c18c18296ab98ec92b388c75f8e47111b6f3d65,feb,2021,auto,hold,Upper Marlboro,711.1414141414141,775.2727272727273,713.070707070707,10.0,True,False,True
4c24d723702b9afc9e1b463bd2ca66942c607af9,feb,2021,heat,hold,Waldorf,773.9594315837726,776.2502865001146,776.2502865001146,0.0,False,False,False
4c7abcf4c813284bbd18ffc396d9ebb62efa968c,feb,2021,heat,hold,Towson,702.1363965267728,697.07995658466,697.07995658466,50.0,False,False,False
4c99fc9f7571fcd9dbafcb5a51a4c3753b994078,feb,2021,auto,hold,Annapolis,708.6974789915967,769.0756302521008,728.7142857142857,5.0,False,False,True
4ca7c49a192b344325453bf2f7d67b645548abf0,feb,2021,heat,hold,Sykesville,635.0436507936508,653.8941798941798,639.9986772486773,69.0,True,False,True
4cb1ddba1ba3538def6a08ca5b7be3b5c413c52f,feb,2021,heat,hold,Baltimore,735.9094101123595,739.9613764044943,739.9613764044943,77.0,False,False,False
4cba50feb18b656906a2e2b402ecf0ae5d8fdde6,feb,2021,heat,hold,Ellicott City,677.6941678520626,679.9871977240398,679.9871977240398,10.0,False,False,False
4cfe8ed82d01d9184c2dd605e4c6fd7d32c029e9,feb,2021,heat,hold,Baltimore,669.2036363636364,671.6,671.6,15.0,False,False,False
4d12a2f758cfe7814d144c92cbfd786444bf8136,feb,2021,heat,hold,Westminster,501.7854379176926,500.0,500.0,17.0,True,False,True
4d3caf60c7c34372a3b3d205b18f2e4bb2e004f6,feb,2021,heat,hold,Arnold,747.6155729676788,749.3839373163565,749.3839373163565,0.0,False,False,False
4d47c5b772b75a468332d204573675b5d41e2193,feb,2021,auto,hold,Severn,729.0,748.125,700.1875,0.0,True,False,False
4d47c5b772b75a468332d204573675b5d41e2193,feb,2021,heat,hold,Severn,735.8618501342446,739.3280449109104,738.5857944837686,0.0,True,False,False
4d48de681f406c1635c190376e5a1e1304d9ef34,feb,2021,heat,hold,Havre de Grace,701.6428571428571,702.5,702.5,0.0,True,False,False
4daba33a606fd7e545315174b8fc59878f8d9ea9,feb,2021,heat,hold,Catonsville,682.9620253164557,720.0,720.0,45.0,False,False,True
4df062658203672d14762bf3127cb95891902032,feb,2021,heat,hold,Easton,647.6333333333333,650.0,650.0,29.0,False,False,False
4df9ae31870b89c5500c0b838aaa05acd00bfada,feb,2021,heat,hold,Germantown,694.9186046511628,700.2558139534884,699.8255813953489,35.0,True,False,True
4e7d8cc3405c93af4348c1a23916d1d6956c0bd9,feb,2021,heat,hold,Gambrills,704.4117647058823,705.8235294117648,705.0294117647059,20.0,False,False,True
4efe4df0dd378e82cbea18cf6d16ccc89f27abf9,feb,2021,auto,hold,Annapolis,690.9564309161444,745.0,695.0,60.0,False,False,True
4f10f38bbf996bdd962891e9276fe4d59c5b0109,feb,2021,heat,hold,Elkridge,667.3076923076923,687.6153846153846,687.0384615384615,37.0,True,False,True
4f285144a89fc3333136b7f327f041bf762ac62b,feb,2021,heat,hold,Glen Burnie,705.4705882352941,710.0,710.0,30.0,True,False,True
4f4e37e8598c9e02d7ae8033a1ba73fc6fd59d49,feb,2021,auto,hold,Bethesda,700.8491124260355,764.6242603550296,705.3461538461538,5.0,False,False,True
4feec0b86f099161e64532467196faeb0885b787,feb,2021,heat,hold,Bel Air,657.3529411764706,700.2941176470588,699.9117647058823,30.0,True,False,False
506551463f84cbe68a15958fbc0ba7c7291b4bfd,feb,2021,heat,hold,Baltimore,739.0901162790698,740.6031976744187,740.5770348837209,7.0,False,False,False
50745c566d94a71b63f77ed5d5677f15652440ba,feb,2021,heat,hold,Bowie,734.1818181818181,714.9090909090909,710.0,28.0,False,False,False
50cf2febfc8cece2a92e0e125851810cfe60dbb6,feb,2021,heat,hold,Bowie,729.1122171945701,734.9339366515837,734.9339366515837,0.0,True,False,True
50f7586f1f32a2e8946f531dd5756d92abd04e6e,feb,2021,heat,hold,Laurel,701.6254416961131,701.8527679623086,701.8527679623086,0.0,False,False,False
51734cd9e270b841a1aab039739781f9e000f7c2,feb,2021,auto,hold,Rockville,709.8533653846154,763.4663461538462,712.1241987179487,60.0,False,False,False
51ad3564ba38c779beebb6397aee93f78f9a574e,feb,2021,heat,hold,Baltimore,716.5294117647059,724.2352941176471,719.4705882352941,0.0,False,False,False
51cafeb14e78f4aa48bee59caba8ee70ccfcfc32,feb,2021,heat,hold,Cockeysville,709.3482142857143,715.3571428571429,714.6428571428571,40.0,False,False,False
51e2f5d32a66852219af7d3a6ee80514934c8a27,feb,2021,heat,hold,Jarrettsville,651.4821428571429,668.2678571428571,666.5892857142857,0.0,False,False,False
51e999cd575576c207570dc1663b761be3f3f1e3,feb,2021,heat,hold,Elkridge,632.8823529411765,640.2941176470588,640.2941176470588,30.0,False,False,True
52048f6ad66939d807b5d51e573440aa7b5b27cc,feb,2021,auto,hold,Severna Park,704.176,756.464,706.24,10.0,False,False,False
521c85ddbfb5f76273c68d1ea2b3f79bd72e5879,feb,2021,heat,hold,Annapolis,638.3888888888889,650.0,640.0,9.0,True,False,True
52824cf8d76413a0e7100dde396c43c63f1dac3c,feb,2021,heat,hold,Ellicott City,670.88,702.9333333333333,702.9333333333333,0.0,False,False,False
5287dc2aa235ad872a6e8360cafdc9705a40f965,feb,2021,heat,hold,Burtonsville,698.8515138946495,702.0070510161759,702.0070510161759,40.0,True,False,True
528b7bfb391af1e6b75dab3549109f73cf345fe4,feb,2021,heat,hold,Huntingtown,702.5911330049261,703.1970443349753,703.1970443349753,30.0,True,False,True
5290213b13e436d94d2bbe641ec8718ba0a953b9,feb,2021,heat,hold,Elkridge,717.5085255767302,720.0,720.0,17.0,False,False,False
52f82f55b3038f6cab52325a71a321939e39c442,feb,2021,heat,hold,Bethesda,691.8515030785948,694.6751177109743,694.6751177109743,50.0,False,False,False
536a2bee0c37bbff7bc2fdea5cdae89f18a702be,feb,2021,heat,hold,Reisterstown,723.4722222222222,733.3333333333334,733.3333333333334,10.0,False,False,False
536d17ef4b1507416a893911be2eb5a66e3fef28,feb,2021,auto,hold,Baltimore,681.8840579710145,735.0,685.0,65.0,False,False,False
53c56e2ef462786194f1eb66f30c48f136097a5f,feb,2021,heat,hold,Dundalk,695.1538461538462,703.8461538461538,703.8461538461538,0.0,False,False,False
53de5b5ed3bd3ea8a467d667b01e446db4baa18f,feb,2021,heat,hold,Baltimore,754.6834277620396,757.5354107648725,757.5354107648725,70.0,False,False,False
540ead0cd62b30e3bd197271a7ddd9a6e0196d76,feb,2021,heat,hold,Harwood,693.8717557251908,701.2671755725191,701.2671755725191,0.0,True,False,True
5461c22ae8114452a86fe685783bc2c6d7ef8bb3,feb,2021,heat,hold,Havre de Grace,657.8920245398773,660.0817995910021,660.0940695296523,18.0,False,False,False
546aa07373c0e18ba2ed3d173b9d4b10620ca636,feb,2021,heat,hold,Baltimore,685.8229166666666,690.0,689.9927083333333,0.0,True,False,True
549aeccfd0340fdaa1acddc09436384a831351ab,feb,2021,cool,hold,Annapolis,657.9047619047619,680.0,680.0,10.0,False,False,False
549aeccfd0340fdaa1acddc09436384a831351ab,feb,2021,heat,hold,Annapolis,699.8,702.5506666666666,702.4373333333333,10.0,False,False,False
54afe3a8226248e3f1a8fa03af7a45a700bbe3da,feb,2021,heat,hold,Baltimore,677.4966887417219,680.0,680.0529801324503,25.0,False,False,False
54f86f36f01967441f5491dbbeda871e215295e4,feb,2021,heat,hold,Arnold,654.1246935201401,700.0,660.0,20.0,True,False,False
5502cd234aa12a95cbf8022a7ea267fa5454683d,feb,2021,heat,hold,Clarksville,685.625,770.0,690.0,20.0,False,False,False
551c3f6b8f8848af9975a25820db00bd7b5514f8,feb,2021,auto,hold,Baltimore,654.421052631579,720.0,659.9868421052631,79.0,False,False,False
5555c8da1f3529a142162eb40213bcd912f9cea6,feb,2021,auto,hold,Lothian,688.0,757.5263157894736,674.4736842105264,45.0,True,False,True
558e3c2557cd975b7a276e90ae41f56fabb7a7be,feb,2021,heat,hold,Leonardtown,699.0753453327752,701.088740058602,701.088740058602,19.0,True,False,True
559a87f327f44a6a1374c98c71734e1cb1b79ac9,feb,2021,heat,hold,Perry Hall,709.5329949238578,714.8071065989848,714.8071065989848,20.0,False,False,False
55d456b87141a44ad25c798a96aabebc9dc047a1,feb,2021,heat,hold,Damascus,690.8863636363636,687.4659090909091,687.4659090909091,30.0,False,False,True
5602777c2d6d94e6323729ecdea6b0ba689a90cb,feb,2021,heat,hold,Baltimore,696.7845084409136,700.6554121151936,700.6554121151936,50.0,False,False,False
5606e5058d1322438ba581c159eedc69f2a2f0d6,feb,2021,heat,hold,Lusby,715.4167294649585,721.6563677467973,721.6714393368501,0.0,True,False,True
5607f30376897aacd0ac0220d193dcd80f957c32,feb,2021,heat,hold,Reisterstown,735.0,782.0,765.0,5.0,True,False,True
569888726c89e9aaa109197477618ccc4d7050d2,feb,2021,heat,hold,Columbia,695.9353448275862,687.2629310344828,687.2629310344828,0.0,False,False,False
5702623a1703e69196e9d0f42d473dbfffdac230,feb,2021,auxHeatOnly,hold,Aberdeen,708.0,720.0,720.0,10.0,True,False,True
5702623a1703e69196e9d0f42d473dbfffdac230,feb,2021,heat,hold,Aberdeen,701.4015748031496,706.6456692913385,706.6456692913385,10.0,True,False,True
570a17a4d7f2b0797caa8098b7d00865c8f085d2,feb,2021,cool,hold,Bowie,547.7169312169312,719.558201058201,719.558201058201,30.0,True,False,True
570a17a4d7f2b0797caa8098b7d00865c8f085d2,feb,2021,heat,hold,Bowie,626.3593903638151,630.0,630.0,30.0,True,False,True
57273ff600f89a6376f8dde7f164cab2a79d60b2,feb,2021,heat,hold,Middle River,727.3120260021668,729.2123510292524,729.2123510292524,75.0,False,False,False
579cb6b277631039889faf75f7cc2b63fbaa2364,feb,2021,auto,hold,La Plata,673.6064257028113,759.7389558232932,672.6465863453815,60.0,True,False,True
57df0fb98c7bf7c4ef0f85296595f7b3cecb7298,feb,2021,heat,hold,Olney,685.5,690.0,690.0,40.0,False,False,False
5834414782646285319301fb25fd32333461cd4a,feb,2021,heat,hold,Sykesville,622.3977272727273,649.7329545454545,583.6477272727273,5.0,False,False,False
58961241145210552d130b5739dd62d17b25c7dd,feb,2021,auto,hold,Temple Hills,700.0748898678414,755.977973568282,705.8678414096917,60.0,False,False,False
58ba6ed9fe75b513808b263dbd5e8666ea339421,feb,2021,heat,hold,Monrovia,669.5464788732394,670.9338028169014,670.9338028169014,0.0,False,False,False
58d41f64b073e5fc8294f2bb6a04862ae2418332,feb,2021,auto,hold,Waldorf,710.9230769230769,715.0,665.0,5.0,False,False,False
58d41f64b073e5fc8294f2bb6a04862ae2418332,feb,2021,heat,hold,Waldorf,720.7876712328767,722.7054794520548,722.3178082191781,5.0,False,False,False
58e4402bf273d772b29fb8f30cc68ab45ed141b2,feb,2021,auto,hold,Nottingham,682.7083333333334,781.875,687.1666666666666,25.0,False,False,False
5919fb266e44b3944f06942c41de2e99aa2d39b0,feb,2021,heat,hold,Sykesville,688.129861568886,690.8447593935399,690.8447593935399,10.0,True,False,True
593eacef1a35e8d942f65f8978ded2e921921fe2,feb,2021,heat,hold,Baltimore,708.225,700.0,700.0,70.0,False,False,False
5949dc7f9ea7929613b47f67f434d0366e0ccae2,feb,2021,auto,hold,Baltimore,697.952380952381,760.0,710.0,90.0,False,False,False
59735b930367345e9e56a8794f9eb3a6428a966e,feb,2021,auto,hold,Baltimore,644.0870322019147,780.0,645.9625761531767,100.0,False,False,False
59c85f71eb8f3bd3ff7c307588d7b3333c23c48e,feb,2021,heat,hold,Baltimore,712.6744186046511,717.2093023255813,717.2093023255813,0.0,False,False,False
59f73b55a3bbc34db5aab15a14c7aaa07bddfe2f,feb,2021,heat,hold,Halethorpe,658.1304347826087,660.0,660.0,20.0,True,False,False
5a2c3ef9c6e68add8b2164f54a673dfd2e9c1ac3,feb,2021,auto,hold,Ocean City,562.5514455782313,820.0,550.0,0.0,True,False,False
5a3ecb02d25ab37b34be5c5f7a42123f9dd04523,feb,2021,heat,hold,Ellicott City,699.9958677685951,700.4628099173553,700.0578512396694,20.0,False,False,False
5a6a8e0296529058cbd7b299ae600d7bfb1b564e,feb,2021,heat,hold,Cockeysville,646.180602006689,648.6989966555184,648.6989966555184,0.0,False,False,False
5a9897fd2aa8aa021630f3cec44a8b340a88bc0c,feb,2021,heat,hold,Baltimore,699.8186274509804,697.5,697.5,0.0,False,False,False
5ae1472e36c1a1c028b3c4753465ae82c6bdcb5d,feb,2021,heat,hold,Lutherville Timonium,653.9586206896552,653.448275862069,653.448275862069,66.0,False,False,False
5af7107511b7216346c01e1e4731dd64898fc53c,feb,2021,heat,hold,California,681.5,720.0,673.0769230769231,10.0,False,False,False
5b54f29a4a18919324aa0a6d9ae4cb1910873cb8,feb,2021,heat,hold,Westminster,705.0784313725491,700.0,700.0,120.0,False,False,False
5b6ef919a62cf2ade084901a670ea9a1bbc80a61,feb,2021,heat,hold,Reisterstown,694.3829787234042,699.4808510638297,698.268085106383,10.0,False,False,False
5b820ddb3bcd775a530fb07118979035a91fcf6d,feb,2021,heat,hold,Baltimore,706.8009803921568,710.7774509803921,710.7774509803921,0.0,True,False,True
5be2aea3f2161c4ae83547733d73c38c5267e79a,feb,2021,heat,hold,Cambridge,710.282874617737,718.914373088685,718.914373088685,30.0,False,False,True
5c233dc2dbb8390b82081e4ba914ac33aeabf0f5,feb,2021,heat,hold,Catonsville,698.725,702.2166666666667,696.825,55.0,False,False,False
5c250bdd9deab7466eb50d96ca6060d54b6d91b2,feb,2021,auto,hold,Ruxton,738.6947115384615,791.7830528846154,741.3443509615385,20.0,True,False,False
5c31bce56cbf2230632ec9544f991b847b53dc33,feb,2021,heat,hold,West River,665.730010384216,680.0,663.4579439252336,15.0,True,False,False
5c360954a3813f14906a8f031c016e011e755223,feb,2021,auto,hold,Glen Burnie,714.1578947368421,765.0526315789474,715.0526315789474,0.0,False,False,False
5c66d2b059f9e958a4a7965ca5e01cba280b20fe,feb,2021,heat,hold,Leonardtown,707.8264462809917,710.0,710.0,19.0,True,False,True
5c859bcd620401148f00c89716c735380756d900,feb,2021,heat,hold,Bowie,709.9295774647887,722.5211267605633,718.8591549295775,25.0,False,False,True
5c87a3e9b5bcc512df38b798f8893ef9c73ffe9d,feb,2021,auto,hold,Baltimore,689.548951048951,743.6223776223776,693.7167832167833,90.0,True,False,False
5c87a3e9b5bcc512df38b798f8893ef9c73ffe9d,feb,2021,heat,hold,Baltimore,694.55,710.0,710.0,90.0,True,False,False
5c928d1a1740ef9c0cbdba09daf527e846a1467f,feb,2021,heat,hold,Bowie,710.0,708.4,708.4,28.0,False,False,True
5cd4c943eaf4f735c690a12262c2c6315b394758,feb,2021,heat,hold,Middle River,734.9048811013768,738.6070087609512,738.6070087609512,0.0,False,False,False
5ceee024c3c80f710478f59dde7eac36251142d5,feb,2021,heat,hold,Laurel,680.3977900552486,683.0524861878453,683.0524861878453,20.0,False,False,False
5d2bfdf61cc4358f0331c8e6f35e58544557ca8b,feb,2021,heat,hold,Silver Spring,742.2948885976409,747.3263433813893,747.3263433813893,49.0,False,False,False
5d33e606f233822158d37e86122fa3c345683284,feb,2021,auto,hold,Glen Burnie,756.2424242424242,815.0,725.0,15.0,True,False,True
5d468c58457185bbd4bb2a37488cd25ee9fc809c,feb,2021,auto,hold,Bethesda,692.0502283105022,753.1735159817351,697.5799086757991,59.0,False,False,False
5da1a2b613ea12d1d597d71036f4dbcfc40c41da,feb,2021,heat,hold,Severna Park,690.6666666666666,700.0,700.0,30.0,True,False,True
5dab5d5412dacd64e3acdd8dc582d65fce25a698,feb,2021,heat,hold,Gaithersburg,732.423487544484,732.0569395017793,731.8861209964413,50.0,False,False,False
5daf6f023fa69a07d61ce5b014c5024dc2208cc7,feb,2021,heat,hold,Suitland,760.3145299145299,764.4102564102565,764.3948717948718,30.0,True,False,False
5dc6d3ee633b48299305b7ef98582ced417b67e2,feb,2021,heat,hold,Baltimore,717.8695652173913,700.0,700.0,0.0,False,False,False
5defbd6877c5994eaa0cbb73b1c2978c4299f404,feb,2021,heat,hold,Glen Burnie,721.0379415612734,724.4007849978194,724.4007849978194,0.0,False,False,False
5dfa55d0b1cd627ad9a2600d489254dede81db24,feb,2021,heat,hold,Frederick,638.1928104575163,650.0,640.0,0.0,False,False,False
5e1bbbac765a35d7f96e3937825a2238f8927daf,feb,2021,auto,hold,Crofton,700.0268817204301,754.7150537634409,704.7150537634409,30.0,True,False,True
5e51e0b63398b6283eaa00f4f2c8cfc5530156f6,feb,2021,auxHeatOnly,hold,Kingsville,669.4144144144144,690.0,690.0,15.0,True,False,True
5e8d128faf9ab9f0cc77cb29dbc8047694261dbf,feb,2021,heat,hold,Riverdale Park,748.8913043478261,754.9710144927536,754.304347826087,5.0,False,False,False
5ec92de5f1b248600524be0e712a26cf1dc4a67d,feb,2021,heat,hold,Baltimore,704.5729166666666,697.5,697.5,0.0,False,False,False
5ecbdc036c30e83800c710e6e741062da32fcd46,feb,2021,heat,hold,Baltimore,680.7232142857143,684.0714285714286,684.0714285714286,39.0,True,False,True
5efa9bf069c7b7635081b5f0bb7ef7a17d1a3be0,feb,2021,heat,hold,Hanover,736.0649350649351,740.0,740.0,0.0,False,False,False
5f0b37629045b16cd6f245346538dad285bdd892,feb,2021,heat,hold,Halethorpe,650.3428571428572,667.7142857142857,612.9142857142857,48.0,False,False,False
5f3add1008571aeea005e02f5cd478d7d77d8f04,feb,2021,heat,hold,Columbia,733.0869565217391,738.8260869565217,738.1739130434783,0.0,True,False,False
5f6fb55e56d9ef075f11abbad1a6ff5542cacd04,feb,2021,heat,hold,Elkridge,728.9538461538461,729.7435897435897,729.7333333333333,10.0,False,False,False
5f9a4c88189ccdd3326a980a5c52dc26df8263b4,feb,2021,heat,hold,Crofton,684.9408866995074,689.4182713837886,689.4182713837886,20.0,False,False,False
5fd9d4eef851c692df5acc315bc9a484ea6228e0,feb,2021,heat,hold,Columbia,735.3292279963953,712.8179633523581,732.0958245719436,25.0,True,False,False
6055b71d2d53708306f5189824e06797607f78c1,feb,2021,heat,hold,Clarksburg,690.9230769230769,700.0,700.0,0.0,False,False,True
6063375663f384a669edd667d6f7d1000a69d3c1,feb,2021,heat,hold,Catonsville,673.0,667.7727272727273,665.2727272727273,60.0,False,False,False
607dfeda089b45e9292d16cc18b519df2ad4e7fe,feb,2021,auto,hold,Millersville,723.0518977536793,748.0751355538342,726.693261037955,40.0,True,False,True
607e070245e4ac88ca20088838fa31118177d723,feb,2021,heat,hold,Baltimore,706.6521739130435,715.0,715.0,95.0,True,False,False
60a6bd716d6c83f111144ca439b8636291c55601,feb,2021,heat,hold,davidsonville,660.6172839506173,650.0,650.0,15.0,False,False,True
60aed15bf94aae36e082126f609fcfb18629149b,feb,2021,heat,hold,Towson,713.5064935064935,720.0,720.0,35.0,True,False,True
613a0856356f312c32264236405743eb6d11363d,feb,2021,heat,hold,Baltimore,723.1387795275591,723.6220472440945,723.6220472440945,0.0,False,False,False
61a0b771a9b236632a486e955331062842f02b77,feb,2021,heat,hold,Clarksburg,743.5024509803922,747.0,747.0,0.0,False,False,False
61c94af5dd9d26638e947421a2e5ed7f982a93df,feb,2021,heat,hold,Rockville,687.4756845116469,720.0,690.0,40.0,False,False,False
621c7ee605fcb379c16b44d0685fd9074568ec3a,feb,2021,heat,hold,Port Deposit,680.8365949119374,661.8087084148729,661.8087084148729,10.0,False,False,False
621d4a763b54ca5fba0bcd724843e2e0131fe9cc,feb,2021,heat,hold,Frederick,727.9117647058823,730.0,730.0,0.0,False,False,False
62279b306efe19e17710039116f9a207d06d54a3,feb,2021,auto,hold,Odenton,689.626582278481,750.1898734177215,700.0,30.0,False,False,False
62643ac97f940c4b66c6652915942a0bbb22d43b,feb,2021,auxHeatOnly,hold,Cockeysville,704.1589743589743,698.7564102564103,698.7564102564103,40.0,False,False,True
6285c8c05cb46650628dc21bdd0bd831f8778333,feb,2021,heat,hold,Clarksburg,689.0384615384615,705.4230769230769,689.8076923076923,0.0,False,False,False
62c63c0de2a4cc86c8f0a666abb67b7823dd2138,feb,2021,heat,hold,Aberdeen,688.7383246849519,690.0,690.0,0.0,False,False,False
62ee3de02d3bec795d420f102ab6031a43a69d75,feb,2021,heat,hold,New Windsor,668.3237410071943,670.0,670.0,0.0,True,False,True
62fbbad64a4050adfef27e2d0df0b73f9f5ac67b,feb,2021,heat,hold,Edgewater,687.8871363477042,690.0,690.0,10.0,False,False,False
6318fe6f115f114f906538ab58ba58d2f0e7a933,feb,2021,heat,hold,Ellicott City,677.0541666666667,680.0,680.0,35.0,False,False,False
631c42704191fca33668b48763d505b6f90c5452,feb,2021,heat,hold,Clarksville,704.6868327402135,707.0,707.0,15.0,False,False,False
63225e9596392a731cea3c36c45a0011f7e6193f,feb,2021,heat,hold,Gaithersburg,685.36,689.8,689.46,17.0,False,False,False
633b452d7dd25e0eeb25775aac2d34f7cf2dea0e,feb,2021,heat,hold,Towson,702.373801916933,721.5495207667732,713.8306709265175,69.0,True,False,False
634ab991b9359a8436639f726dcd626157884e69,feb,2021,cool,hold,Elkridge,667.25,660.6666666666666,660.6666666666666,20.0,True,False,True
634ab991b9359a8436639f726dcd626157884e69,feb,2021,heat,hold,Elkridge,673.3028503562946,676.3580760095011,676.3182897862233,20.0,True,False,True
63657e1bf465d4d877b59f6211bb880b42749509,feb,2021,auto,hold,Nottingham,698.0140845070423,745.0,695.0,10.0,True,False,True
637a94ddcae0efb99697444fc4d3cf65cb914557,feb,2021,auto,hold,Reisterstown,692.3805309734513,780.0,687.0619469026549,10.0,False,False,True
63927763c00db89128623f9c7060aaa3b996b67b,feb,2021,auto,hold,Frederick,698.249478079332,750.0,700.0,20.0,False,False,False
648ed1dd12ec30749ccbed8934c817685a5f7282,feb,2021,auto,hold,Ellicott City,691.4123548046463,752.9809926082365,690.4160506863781,5.0,False,False,False
64affe8e4fd78531e1086084c9a1aec83449a2b4,feb,2021,heat,hold,Pasadena,680.8267526188557,684.0459307010475,684.0459307010475,35.0,True,False,True
64c548e18b5ee747870130420824c96ca7bba19e,feb,2021,heat,hold,Bowie,696.7373737373738,700.0,700.0,0.0,False,False,True
64f31a5c39d40e67862c723518f3e503e2472035,feb,2021,heat,hold,Catonsville,737.0421822272216,739.7795275590552,739.7795275590552,30.0,False,False,True
6562c27396fbf2e2667536d0cd5a11427019997b,feb,2021,auto,hold,Ellicott City,678.5499609679938,800.0,681.4250585480094,27.0,True,False,True
65906bcaed017ec04aa8a3634f90bbebeb598310,feb,2021,heat,hold,Swan Point,696.5295774647888,700.0,700.0,0.0,True,False,True
65af2e4e0c76834ee2fba3b21d7e92f40f322f62,feb,2021,heat,hold,Clarksville,675.1037099494098,677.7698145025295,677.7698145025295,0.0,False,False,False
65c3a43e3421fa0252fd3eb15e5e36e33c94bccf,feb,2021,heat,hold,Leonardtown,641.15,652.64,634.84,5.0,True,False,True
6607b02866c9e58d7294bac2b1d27a655f260521,feb,2021,auto,hold,North Bethesda,681.6712328767123,750.0,692.8767123287671,65.0,True,False,False
67371510493828c129d3772093193218d34d20d4,feb,2021,auto,hold,Silver Spring,676.6434694906707,704.0242057488654,679.2223903177005,7.0,False,False,False
6752b72347e5569db1e6e900f756db440e7825ee,feb,2021,heat,hold,Glen Burnie,724.7652671755725,717.5820610687023,727.6030534351145,0.0,False,False,False
6798ae38c2c17990f2a1d6d638022c9581565dba,feb,2021,heat,hold,Baltimore,682.25,681.5454545454545,680.4318181818181,15.0,False,False,False
67b6d1e735f883865cd88964d3365b09499c34f7,feb,2021,heat,hold,Bethesda,748.3639344262295,753.1909836065573,753.1909836065573,80.0,False,False,False
67dc1332789ea70fb5e2c71a79df7d64fdebc948,feb,2021,heat,hold,Waldorf,707.7459770114942,705.8183908045977,705.8011494252873,9.0,False,False,False
6826e24fcc87532a46def4ce5ecd51c04c68a268,feb,2021,heat,hold,Severna Park,670.6727272727272,670.7272727272727,670.7272727272727,5.0,False,False,False
682e56e252a03e67fe36134c0fe6f2913d1be2fa,feb,2021,heat,hold,Odenton,691.7685979971387,693.4949928469242,693.4949928469242,9.0,False,False,False
684098ffd9d9dd48dd5cfd7c7c95cd467358c904,feb,2021,heat,hold,Owings Mills,665.7061668681984,672.024183796856,662.2394195888754,20.0,False,False,True
68562707cff42c2ac19d14881790b93e33b292a1,feb,2021,heat,hold,Essex,697.9284578696344,700.248012718601,700.248012718601,10.0,True,False,True
685a203e62c9fd91bc1603d75d5f391bb204c9d1,feb,2021,heat,hold,Upper Marlboro,715.4912280701755,718.2017543859649,718.2017543859649,5.0,False,False,False
686333fc84b6f7e3b4acb2307e4cd7e80a681679,feb,2021,heat,hold,Westminster,710.0,720.0,720.0,35.0,False,False,True
689507a9e4e0a3d80f5d5048d05994c15ab986b5,feb,2021,heat,hold,Gaithersburg,698.28125,690.0,690.0,20.0,False,False,False
68b004185a77a604a52de7a08e977db1a98f7a3b,feb,2021,heat,hold,Ellicott City,700.9895833333334,702.3541666666666,702.3541666666666,15.0,False,False,False
68b519b931f8c4765ed1e9b7bf260af5d02ac374,feb,2021,auto,hold,Great Mills,664.4375,740.0,670.0,25.0,True,False,True
68e1d316078fe635fe35975a3759e58c9656d010,feb,2021,heat,hold,Glenarden,676.4065306122449,677.0661224489796,677.0661224489796,0.0,False,False,False
68f4565949e11f4d63b3c38ea00556bbc6f0da39,feb,2021,heat,hold,Woodbine,727.939393939394,746.4242424242424,744.2424242424242,20.0,True,False,True
690aa74fc752b0fbf80d2c78930fd70cbb9d6215,feb,2021,heat,hold,Owings Mills,709.4871794871794,713.4615384615385,713.4615384615385,10.0,False,False,False
69931cc7046ef308394003451c74559b40535ff9,feb,2021,auto,hold,Glen Arm,624.5508474576271,800.0,650.0,30.0,True,False,True
69aa4eb2d243b12b8c295d7fb1b3bfcea3a97e82,feb,2021,heat,hold,Lutherville Timonium,700.0039840637451,706.0756972111553,706.0756972111553,60.0,False,False,False
69e46edb81b66abe623dacee2b3738d489a86b8d,feb,2021,heat,hold,Silver Spring,717.9895833333334,730.7916666666666,729.1145833333334,69.0,True,False,False
6a10cdf62929288f40449dc17b05db29ac24ad9d,feb,2021,auto,hold,Bel Air,699.107213765718,780.0,700.0,10.0,True,False,False
6a66c61e5a1cb6446a1c38bfa43998d3cd1c9b4f,feb,2021,heat,hold,Baltimore ,676.4275256222547,672.9326500732064,672.9326500732064,40.0,False,False,False
6a7fa82401bb3a51f2f9b82816da47c0b8edb1f9,feb,2021,heat,hold,Westminster,735.304347826087,740.0,740.0,80.0,False,False,False
6a8dbbfedab18fe81136ccc09dffc54a1b53b174,feb,2021,heat,hold,Germantown,729.0858505564388,732.1361950185479,732.1361950185479,25.0,True,False,False
6aca16dcd944c38ed618af9ac4903a96abe01082,feb,2021,heat,hold,Silver Spring,715.2071428571429,717.7714285714286,717.3714285714286,0.0,False,False,False
6ad3d61f6beb69e0d88942980a527d5dbff70bc7,feb,2021,heat,hold,Halethorpe,719.4285714285714,722.0,722.0,40.0,False,False,False
6aedc037bbfef26250cbd0f1f2b3d1baa445e508,feb,2021,heat,hold,Hanover,712.6304347826087,710.9782608695652,710.1304347826087,0.0,False,False,False
6afb89d3352837f977e61bd20f68419af7555170,feb,2021,heat,hold,Severn,665.2142857142857,670.1190476190476,669.952380952381,0.0,True,False,True
6b16bdfa2c66e5b11fc24cc1436851694220ad3f,feb,2021,heat,hold,Baltimore,638.3470790378007,594.5824742268042,594.5824742268042,0.0,False,False,False
6b23ada9eb7349a49c868be81363da6cb70a887a,feb,2021,heat,hold,Odenton,711.5116279069767,713.0232558139535,713.0232558139535,0.0,True,False,True
6b30478a0f8626e25935cd9af07f9f7baffd811d,feb,2021,heat,hold,Odenton,694.9,700.0,700.0,50.0,False,False,False
6b416fe80cbf0480e0c87e918c068bb998ebd29f,feb,2021,auto,hold,Gaithersburg,693.6666666666666,719.0,680.8888888888889,30.0,False,False,False
6b416fe80cbf0480e0c87e918c068bb998ebd29f,feb,2021,heat,hold,Gaithersburg,687.876923076923,701.5076923076923,700.7384615384616,30.0,False,False,False
6bbfac6468cce9a81e642501f964b10a7ebb18a3,feb,2021,heat,hold,Ellicott City,683.7846364883402,680.2167352537723,680.1508916323731,0.0,True,False,True
6bc016183d235cf489f14c15a784c1709182d370,feb,2021,heat,hold,Elkridge,705.9636233951497,711.7417974322397,711.7118402282454,20.0,False,False,False
6bcacdbbbbf92a2cff25a550bc2b305ded099143,feb,2021,heat,hold,Baltimore,683.1405405405405,688.6486486486486,687.227027027027,0.0,False,False,False
6c00ffa09e8cdbcf9b74419bc0a90c21efac890b,feb,2021,heat,hold,Bethesda,630.6847237269773,680.0606717226435,630.1993499458288,69.0,True,False,False
6c1cc51dc471e267d19db3a4e534059c7b4a8342,feb,2021,heat,hold,Gambrills,689.546875,751.0,692.8125,10.0,False,False,False
6c53307fd26950713ef35365a2b66a2992356629,feb,2021,auto,hold,Germantown,667.9766682221185,730.0,670.0,40.0,True,False,False
6c6d8b87a1848eff7d4762f8550abb0b1971083b,feb,2021,heat,hold,Rockville,708.1188811188811,711.5454545454545,711.5454545454545,50.0,False,False,False
6c86c51d595cbb528c68e2606d3a277458208548,feb,2021,heat,hold,Windsor Mill,739.0030120481928,746.7289156626506,746.5542168674699,49.0,True,False,True
6cb49a1c5b7f5acdfd181ffefad5da67eabe9bf5,feb,2021,heat,hold,Easton,710.6762589928057,720.0,720.0,10.0,False,False,False
6cca88bdbacfff8dc22f9812f8e7d6333be12c76,feb,2021,heat,hold,Edgewater,691.2208075663877,694.7308112040743,694.7308112040743,30.0,True,False,True
6cdbf171a01498867d206899ab2bad7b535f0292,feb,2021,auto,hold,Severna Park,696.9009140767824,750.5162705667276,699.1736745886654,39.0,True,False,False
6d0e2b3bca46e5779748e8f27f82ee3b1c03ee9c,feb,2021,heat,hold,Bel Air,683.0193761814745,703.1654064272212,686.3941398865785,25.0,True,False,True
6d5b891c96249393fdf525cc25fa34a3964c7dab,feb,2021,heat,hold,Baltimore,688.5092369477911,690.8144578313253,690.7710843373494,90.0,False,False,False
6de8f0f0b33297d62efff877a621624f6f713379,feb,2021,heat,hold,Ellicott City,670.75,673.570707070707,662.0378787878788,30.0,False,False,False
6e0f62cc3ab2e953143a34b9e02378ff5ca345e4,feb,2021,heat,hold,Baltimore,689.1150442477876,692.8731563421829,692.8731563421829,105.0,False,False,False
6e1d313f30609afb4899d15c5303611ae9eae11d,feb,2021,heat,hold,Crofton,658.312292358804,663.7895902547066,662.0232558139535,0.0,True,False,True
6e7a6f2a4f0b988b65d34840201f63a0d32b25d6,feb,2021,heat,hold,Hyattsville,704.0687219010919,705.213230571612,705.213230571612,0.0,False,False,False
6e917fe9b476d370865c980c6a7e58199640dc68,feb,2021,auto,hold,Baltimore,706.2919708029198,780.0,709.6788321167883,65.0,False,False,False
6ebf3154a87c60c4d798d196a6dd055f55c2dacb,feb,2021,heat,hold,Reisterstown,694.7777777777778,700.7555555555556,700.7555555555556,27.0,False,False,False
6ece373f6bd9e1fc98e07d1af302ce641d46aed0,feb,2021,heat,hold,Fulton,649.878548895899,653.3698738170347,651.3864353312302,5.0,False,False,True
6ed87ce35fe02e2b2f88316d3b1505859a226530,feb,2021,auto,hold,Glen Burnie,731.7671232876712,787.4774951076321,736.6947162426615,60.0,False,False,False
6efe0b5debfdedd6b510cde7e9d83f71dbf37a97,feb,2021,heat,hold,White Plains,716.304347826087,720.0,720.0,45.0,False,False,False
6f030c0c07e9b83aad415097a6e29fe3aa2a3497,feb,2021,auto,hold,Silver Spring,669.297619047619,740.0,662.1428571428571,0.0,True,False,False
6f0a5c04fd07e1010f43451611f07863b790fc25,feb,2021,heat,hold,Ocean Pines,681.4057971014493,686.4927536231884,683.8840579710145,0.0,False,False,True
6f1a481434eaddfe5fda9757804809146ff02a56,feb,2021,heat,hold,Baltimore,671.0,775.0,625.0,120.0,False,False,False
6f31d74f7a1b1252a481af87eb585f41b78a800f,feb,2021,auto,hold,Waldorf,729.5833333333334,740.0416666666666,690.0,40.0,False,False,False
6f31d74f7a1b1252a481af87eb585f41b78a800f,feb,2021,heat,hold,Waldorf,716.1666666666666,720.2708333333334,719.875,40.0,False,False,False
6f582b49bea49da21008304bc1ec318c6d711b12,feb,2021,heat,hold,Havre de Grace,723.421052631579,730.0,730.0,20.0,False,False,False
6fb6c7950d6e09b96afce83de61a77b2a5f005d4,feb,2021,heat,hold,Baltimore,689.9027777777778,694.8333333333334,694.5,0.0,False,False,False
7008270f639e8c978162410c0d340cc5df70d0d5,feb,2021,heat,hold,Hampstead,656.8937468225724,660.0025419420438,660.0025419420438,59.0,False,False,False
7011ce1c795cbc4d1dad0900fca8c041b1504d3d,feb,2021,auto,hold,Westminster,706.7965986394557,760.0,710.0,10.0,False,False,False
70bc372d6015f417c4d583a9c4bfaaa6f9a75ed9,feb,2021,auto,hold,Catonsville,687.0370370370371,740.0,690.0,60.0,False,False,False
70c2db17163bb204bd8bf561ce62c2eecd37e720,feb,2021,auto,hold,Ruxton,698.4186666666667,775.0053333333333,677.2133333333334,20.0,False,False,False
70e2572a20b4508555a510d98ad796d940ae89ed,feb,2021,auto,hold,Baltimore,661.1910447761194,760.0,664.0597014925373,120.0,False,False,False
70f042f9fe9ef1c72d085752455511e4d21f861f,feb,2021,heat,hold,Arnold,698.304347826087,700.2898550724638,699.7826086956521,27.0,False,False,False
71c14921f18a1cc036ecadbdce302dec5a73965e,feb,2021,heat,hold,Columbia,705.7266325224072,710.9475032010243,710.9475032010243,39.0,True,False,False
71e5c6f1ff10ca72ff6548f5177f653b951aba04,feb,2021,auto,hold,Baltimore,623.4375,760.0,610.0,7.0,True,False,True
7225b920770e16a792a0431f64b76211b5791f08,feb,2021,heat,hold,Baltimore,654.3851326111319,668.5188644004483,668.5188644004483,90.0,False,False,True
722f5b0d27b41190317b8fbf147f9e4a6a2668bc,feb,2021,auto,hold,Hagerstown,699.740972733972,743.1694915254237,693.1694915254237,35.0,True,False,False
72710d557ed7551663d1013465ce6c3519c2b618,feb,2021,auto,hold,Severna Park,687.8194444444445,752.4861111111111,692.4861111111111,49.0,False,False,False
727658e6e29a6e777ad5dd67203dee0e6f323756,feb,2021,heat,hold,Owings Mills,722.1052631578947,713.8947368421053,713.8947368421053,28.0,False,False,False
727e868441b6c1a0d81ce6fb0016af4891655115,feb,2021,heat,hold,Adamstown,717.8107833163784,720.5757884028484,720.5757884028484,0.0,False,False,True
72e206b654cee26db3f3a499c5eb58df99deddc0,feb,2021,heat,hold,Middle River,680.1529745042493,689.2237960339943,689.2025495750709,0.0,True,False,True
730f91648363534e3cabe508ff987a6deb1cbade,feb,2021,heat,hold,Crofton,698.05,705.85,705.1,20.0,True,False,True
73196a9114b108ee244001cdef2a02c5c68dc507,feb,2021,heat,hold,Germantown,676.7561436672968,688.7684310018903,688.7684310018903,49.0,False,False,True
731f774b64a0c8e1d3c44a31e400810b1df7f882,feb,2021,auto,hold,Aberdeen,718.4375,760.0,720.0,45.0,True,False,True
737e5184a8e8c866e1e069aa7dcea4f8e602d0ad,feb,2021,heat,hold,Ellicott City,716.5618789521228,719.0785907859079,719.0785907859079,0.0,False,False,False
737ea8b6a707facd49fc64713a6c489e142feebb,feb,2021,cool,hold,Hyattsville,664.4023668639053,667.7988165680473,667.7988165680473,5.0,False,False,False
737ea8b6a707facd49fc64713a6c489e142feebb,feb,2021,heat,hold,Hyattsville,665.9470524017468,663.9339519650655,663.9339519650655,5.0,False,False,False
737fc5dfe3e37c3aebb19d1b9a7e32073e905cde,feb,2021,heat,hold,Saint Michaels,685.7155913978495,690.9510752688172,690.6338709677419,15.0,True,False,True
73a7fd38bbd73a2bf4a1ac2484dacdd6c6323763,feb,2021,heat,hold,Dunkirk,714.4177215189874,720.0,720.0,30.0,True,False,True
73ab4a4789afab8324dee8d85c73ac641ea291df,feb,2021,heat,hold,Catonsville,699.9071038251366,700.8142076502733,700.8142076502733,30.0,False,False,False
73ccc3f9e221c6401d3b1975c10400e3825696cf,feb,2021,heat,hold,Upper Marlboro,731.6571428571428,735.6285714285714,734.4857142857143,0.0,True,False,False
73ef5567c17e5d0a29754995eb6b119188b83d4d,feb,2021,heat,hold,Owings,645.1136363636364,695.0,662.9545454545455,10.0,False,False,False
74020703a8801ddbd3eca768c44294ecd2539006,feb,2021,heat,hold,Lexington Park,767.3877551020408,768.530612244898,769.8367346938776,0.0,False,False,False
7403938e20cda07c379ec1de4aa01c892abbddec,feb,2021,heat,hold,Indian Head,686.85,690.0,690.0,55.0,False,False,False
740401ab8cc0241c8636bcde06b8dc2da41bee51,feb,2021,auto,hold,Edgewood,651.8686956521739,780.0,650.0,0.0,True,False,False
740e1b36c81ce778ea5c6b1ae368b4407c259d06,feb,2021,heat,hold,Mechanicsville,692.355,693.31375,693.31375,30.0,False,False,False
744ab43b6923cdbce0ac9b55599a05f922ae20cd,feb,2021,heat,hold,Baltimore,712.5437023756164,713.8103989242492,713.8103989242492,0.0,True,False,True
74555da23b5a9b57d7c0e4aa4a3a0c49d16331ba,feb,2021,heat,hold,Westminster,717.9901423877327,716.156626506024,716.13143483023,20.0,True,False,True
754dbb983fae2c11c252f33e4d8d7d9222b46f44,feb,2021,auto,hold,Hyattsville,708.5227272727273,770.0,715.0,10.0,False,False,False
757184dd7b55bcaacf5756515f6854a7cf24aeed,feb,2021,auto,hold,Elkton,707.7142857142857,772.7857142857143,688.5,40.0,True,False,True
757db9510540a9ac7587eeea347679c2f5f8b661,feb,2021,auto,hold,La Plata,704.25,780.0,730.0,30.0,True,False,True
757db9510540a9ac7587eeea347679c2f5f8b661,feb,2021,heat,hold,La Plata,715.1818181818181,701.5909090909091,701.5909090909091,30.0,True,False,True
758e7d278f0a9773a70b27345fc43ee318605ae5,feb,2021,heat,hold,Greenbelt,682.2222222222222,690.0,690.0,35.0,True,False,True
75d76e5df2b26e075af3aca28a589d6402f74e77,feb,2021,heat,hold,Westminster,664.567402536402,670.0,670.0042273367778,18.0,True,False,True
75da7eed7c3ed25c4d3a459a2340b15588bb1cdc,feb,2021,auto,hold,Randallstown,723.75,920.0,720.0,10.0,True,False,False
75e7efa06f2eee5bbedbb4138a92d49c97cc70d1,feb,2021,heat,hold,Germantown,781.7102966841187,785.8324607329843,785.8743455497382,37.0,True,False,True
76015026b196307b184b3904265dfb9b0e5d2415,feb,2021,heat,hold,Severna Park,631.0104166666666,751.0,701.0,45.0,False,False,False
76049b0ec85c4c154521e7a2477ed40607aa82c1,feb,2021,heat,hold,Burtonsville,705.5164003364172,709.1597981497056,709.1597981497056,30.0,True,False,True
762220c23d2fba2f3a8f607b4214d15f2122d0f3,feb,2021,auto,hold,Bel Air,636.7621951219512,773.4756097560976,604.9878048780488,15.0,True,False,False
766aad99f966a4c50cfc2c8e62a40803260a3e98,feb,2021,heat,hold,Odenton,664.3670509483079,663.7798438081071,663.7798438081071,10.0,True,False,True
769327da08a161313b0b745a31639df7492a9537,feb,2021,heat,hold,Crofton,688.3487858719647,690.8852097130243,689.7174392935982,20.0,False,False,False
774ebb1e4cbb3c257e1eb73be46f4856847e8e51,feb,2021,heat,hold,Lothian,734.6830188679245,720.833962264151,720.4490566037736,10.0,False,False,False
775fb4dc30300b50b8cd92b5e3c0635bb1a7932f,feb,2021,heat,hold,Severn,685.359375,690.9375,689.0625,25.0,True,False,True
77a40c3e82b6fe22144ec70b68638cb3050bc21b,feb,2021,heat,hold,Baltimore,689.8258426966293,685.0056179775281,683.5140449438202,105.0,True,False,False
77b060042a4d3f4912c7bb3ae4c7ca1d1fdafe43,feb,2021,heat,hold,Centreville,707.3931623931624,710.7692307692307,710.7179487179487,10.0,False,False,True
77bc6bdd09ccd935c96e4974cf0543e46d4272fd,feb,2021,heat,hold,Ellicott City,663.0273224043716,667.2431693989071,667.2431693989071,40.0,False,False,False
7825e3260d91aa5aa7f37fd0abbbbfe796c553c2,feb,2021,auto,hold,Waldorf,702.0277777777778,766.0,640.0,5.0,False,False,False
78333d18c320972aebe1211683eb52ba0bcc564f,feb,2021,auxHeatOnly,hold,Bowie,747.3904006046863,751.9160997732426,751.9134542705971,0.0,True,False,True
784fc0aa063d7989a139a68583d42adf9b7a0903,feb,2021,heat,hold,Baltimore,714.6027397260274,702.4657534246576,702.4657534246576,0.0,False,False,False
78b8e064bee9710fd97e2b5e4416d00c05a6c1ab,feb,2021,heat,hold,Odenton,722.6766304347826,725.2595108695652,725.2404891304348,10.0,False,False,False
78c66e94c25cf3a34c36ae3b82457e6f2f38be3b,feb,2021,heat,hold,Baltimore,729.0916334661355,732.5278884462151,732.5139442231076,8.0,False,False,False
790a182af4c5780ef57da6b207defa3d723626a5,feb,2021,auto,hold,Germantown,700.1428571428571,756.5714285714286,706.5714285714286,0.0,True,False,True
792749f65c9835f6e44073744b8a4cae5d13a437,feb,2021,auxHeatOnly,hold,Annapolis,684.0,720.6388888888889,720.6388888888889,20.0,False,False,False
792749f65c9835f6e44073744b8a4cae5d13a437,feb,2021,heat,hold,Annapolis,698.7263450834879,719.0398886827459,718.9656771799629,20.0,False,False,False
7962760d6a001da8518dcb26c84afb500c27afea,feb,2021,heat,hold,Halethorpe,683.9791666666666,651.75,650.4375,88.0,False,False,False
79922b97dadbd69cddc45ed8631936337fc37b8f,feb,2021,heat,hold,Millersville,637.7314814814815,640.0,640.0,37.0,False,False,False
799ff1962d81433705ab86105986f96baebcc17e,feb,2021,heat,hold,Silver spring,689.125,696.7974137931035,696.7974137931035,70.0,False,False,False
79fd8e2e68858c2c89aa7103eaf66b8862add41e,feb,2021,heat,hold,Eldersburg,702.5832438238454,708.0988184747583,707.5273899033298,18.0,False,False,False
7a160bc1942e4d216ae3a5ab7afbe416dc3f1028,feb,2021,heat,hold,Ellicott City,752.4579100145138,755.4281567489114,755.4281567489114,20.0,False,False,False
7a3160ad07de50bddfeea719c9bed305c6379148,feb,2021,heat,hold,Baltimore,669.6078971533517,672.4866850321396,672.4866850321396,0.0,False,False,False
7a3d4016078b85cd612ec67e4f7089bea0238f30,feb,2021,heat,hold,Annapolis,676.1542776998598,674.0641654978962,674.0641654978962,10.0,False,False,False
7a7f2d03bcbef8cea65767b01bdd45a1f7977ce2,feb,2021,heat,hold,Baltimore,685.6179540709812,688.4989561586639,688.490605427975,5.0,False,False,False
7abdce09c57b7d93e3176ce3d151358818901628,feb,2021,heat,hold,Chevy Chase Section ,707.4959128065395,710.1634877384196,710.1634877384196,0.0,False,False,False
7b38fe85a5dc1cbdc989d40a506f774a1b364a6c,feb,2021,heat,hold,Annapolis,709.1727416798732,712.5229793977813,712.4643423137876,0.0,False,False,False
7b57665cbeb0e3c5c9d1e7e1f98c9d85fd4726a0,feb,2021,heat,hold,Annapolis,678.9714285714285,692.8142857142857,691.8809523809524,39.0,True,False,True
7b599012ccf5cd32401c0d7be0aee1edafcaf947,feb,2021,heat,hold,Reisterstown,688.5,726.75,706.25,10.0,True,False,True
7c019bd036c184ca47e6a7bf3470301c37108e6b,feb,2021,heat,hold,Annapolis,694.6078147612156,703.8317655571635,703.8317655571635,30.0,True,False,True
7c0692c4214014bc2d3764e68312414b940534f5,feb,2021,auto,hold,Ellicott City,718.6521739130435,783.0,733.0,5.0,False,False,False
7c15fbf69b7801b874501126ddcd7b2042af8533,feb,2021,heat,hold,Baltimore,664.748719824433,660.0,660.0,0.0,False,False,True
7c1ea939be6bb1f8f15cc207d518444038db41ad,feb,2021,heat,hold,Elkton,705.25,710.0,709.9583333333334,27.0,False,False,False
7c2b69ad6685eb603db51030755d6ba836a0a953,feb,2021,heat,hold,Baltimore,665.8629757785467,721.142214532872,721.142214532872,115.0,False,False,False
7c32216854de94b985b63387ba568bd105d020da,feb,2021,heat,hold,Bel Air,678.8697068403909,681.6376221498372,681.6473941368079,0.0,False,False,False
7c472bd9524c2be2854b75d6d31951a7a938e71d,feb,2021,heat,hold,New Market,672.6292648610622,685.5082659162856,685.5082659162856,30.0,True,False,True
7c55d0ea127d5b79f074bded19c6dcabfff18a69,feb,2021,auto,hold,Crofton,692.7473073736537,800.0,697.5178127589064,0.0,False,False,False
7c75d82aaaf75c32884dc98aff199f6a12a3e3b2,feb,2021,heat,hold,Mount Airy,693.2039007092199,699.9787234042553,699.9663120567376,38.0,True,False,True
7c7916024745c7e07c358c42e90b6444560433b4,feb,2021,heat,hold,Woodbine,723.8508771929825,727.8333333333334,727.8333333333334,20.0,False,False,False
7c86bcd386b02905c208e9c20e5cb6c84c50f9e0,feb,2021,auto,hold,Chesapeake Beach,686.5172413793103,740.0094043887148,690.0094043887148,0.0,False,False,True
7d0a8003332346ccebde1e696b6b16c002f8ed61,feb,2021,auto,hold,Hanover,707.6382113821138,810.0,710.1463414634146,0.0,False,False,False
7d4691bcd19f65c58bd83097f47f55f90ba1ca70,feb,2021,heat,hold,Windsor Mill,784.8774509803922,790.0,790.0,20.0,False,False,False
7d67f33ad03cc9a6c335da70987063b40c78c032,feb,2021,heat,hold,Ellicott City,684.4440433212997,688.2430806257521,688.2430806257521,27.0,False,False,False
7d8921ac1aec304e49806dc5d02dea2895b50eac,feb,2021,heat,hold,Baltimore,657.8665935672515,660.0,660.0,90.0,False,False,False
7d90f5f3e490fdff22210a2e3f3b831fddad3423,feb,2021,heat,hold,Berlin,617.9251851851852,657.2,622.4629629629629,15.0,False,False,False
7dbfdc568400a68d1c5ffe5e4b93e3bf8bafaa06,feb,2021,heat,hold,Pasadena,731.4679012345679,735.0641975308642,734.9938271604939,0.0,False,False,False
7dc1508a95bd86df9e53d36dbb41f28406c60c34,feb,2021,heat,hold,Glen Burnie,646.4550264550264,650.026455026455,650.026455026455,0.0,False,False,False
7de9b70cfe6917a6dcc504f4654a333cd811fb7b,feb,2021,auto,hold,Silver Spring,676.0752587017874,716.5540921919097,678.6989651928504,7.0,False,False,False
7e0f36f7ab3d48c3451cf8151df4070ba1272830,feb,2021,heat,hold,Odenton,726.8823529411765,730.0,730.0,10.0,True,False,False
7e48911fe0873c097f6f178e7c210f0da7519edb,feb,2021,heat,hold,Bowie,650.9627023223082,652.0249824067558,652.0249824067558,0.0,True,False,True
7e527218dfef0a6e22e0a626b32bbc68708710af,feb,2021,auto,hold,Hyattsville,695.5166666666667,750.0,679.6833333333333,9.0,False,False,True
7ecdfcc2b67668516508a07af9565a00917c1b41,feb,2021,auto,hold,Severn,655.1788218793829,770.0,650.0,18.0,False,False,False
7ed051fa57de6fa08349b9f1ba2757b5960799fa,feb,2021,heat,hold,Havre de Grace,658.234096692112,660.6533078880407,660.6743002544529,18.0,False,False,False
7ef57df03f13ab19df4d876ffd3043b5030ba419,feb,2021,heat,hold,Fulton,706.0787037037037,710.0,710.0,0.0,False,False,False
7f263b1824f9563e239c93b785749bad0ea09640,feb,2021,heat,hold,Abingdon,721.5239786856127,723.9857904085258,723.9200710479573,0.0,False,False,False
7f4ec72f93b8d26a846501b45d405522dc91442a,feb,2021,heat,hold,Abingdon,718.5204991087344,720.0,720.0,0.0,False,False,True
7f69e73e276e4da0972c4380e91e5ba3dfff6b36,feb,2021,heat,hold,Baltimore,598.0,703.0,550.0,0.0,False,False,False
7f6e2c226e7c5f3ca024f346ca73b6cb0d77d3a6,feb,2021,heat,hold,Chevy Chase Section ,716.0024019215373,718.1929543634908,718.1929543634908,5.0,False,False,False
7f894efcbff750424658dac2e95febbec67005a7,feb,2021,heat,hold,Arnold,666.4289855072464,674.1420289855073,674.1420289855073,30.0,True,False,True
7faf6117488b181af82d0e98bbcc6b7aa5be7279,feb,2021,heat,hold,Ellicott City,703.00395256917,703.8735177865613,703.8735177865613,0.0,False,False,False
7fc2be3db777992ab6b00c0e97aa51dd4a953002,feb,2021,heat,hold,Westminster,682.6628228782288,684.869926199262,684.8284132841328,18.0,False,False,False
7fd6af76ee644ab623ff3524b0814d906663361e,feb,2021,heat,hold,Glen Burnie,783.5960568546539,800.0,800.0,0.0,False,False,False
7fe4a4d53108de380b3d15bac9451396064fd54c,feb,2021,heat,hold,Bel Air,718.3230445457734,720.0,720.0,0.0,True,False,True
80275f784686877f10a4a5c2a0834f6fdd1057b4,feb,2021,heat,hold,Baltimore,702.8605769230769,712.4423076923077,708.6778846153846,10.0,False,False,False
8074e0752315ca71826020d5e182b0867c00c5fa,feb,2021,heat,hold,Frederick,715.75,720.2916666666666,719.7916666666666,10.0,False,False,False
8089bf2819e70576e90b9f5311c7148ff6fe5541,feb,2021,heat,hold,Pikesville,709.5543710021321,713.7782515991471,713.7782515991471,60.0,True,False,False
80f7cc5ee133bde6f105a9e49cc11c3520112ddc,feb,2021,heat,hold,Laurel,650.0105263157894,647.8526315789474,647.4105263157895,0.0,True,False,True
8111b95517682171cb6f032b7c4375153dc882ac,feb,2021,heat,hold,Gaithersburg,685.5926986399427,686.7104509663565,686.7104509663565,30.0,False,False,False
812b876292cf8944962ad60e8372bad23b8eb1dd,feb,2021,heat,hold,Baltimore,743.7894736842105,745.3552631578947,745.3552631578947,9.0,False,False,False
819678962fcd49c547b255b9849fd962c2d56979,feb,2021,heat,hold,Baltimore,711.9589041095891,730.0,730.0,0.0,False,False,False
82172cb406af7fbde1651a23079a7fb36434e2f5,feb,2021,heat,hold,Perry Hall,695.392647633946,697.6859601095033,697.6859601095033,0.0,False,False,False
826bcdb1a49911f211e01ab3f0414537556deeff,feb,2021,heat,hold,Huntingtown,669.7037735849057,661.1849056603774,661.177358490566,7.0,False,False,True
826d3f85132f57cf258c413a11237236872cad98,feb,2021,heat,hold,Baltimore,731.4207119741101,734.9546925566343,734.9546925566343,97.0,False,False,False
8294652379e7ce5b8933ef5f4a1e571ade244684,feb,2021,heat,hold,Bowie,722.1813725490196,724.875,724.875,5.0,False,False,False
82991d026cf16a473a54e5fa3807996e389640d6,feb,2021,auto,hold,Baltimore,673.7076923076924,721.5107692307693,670.8184615384615,88.0,True,False,True
8304a41d99eadb598155dd70a7bc2172738202f2,feb,2021,auto,hold,Westminster,687.4182402571314,780.0,689.9196464443552,10.0,False,False,False
837c5835aaca2c6c1b54aa47000d00c0f7dc9a1d,feb,2021,heat,hold,Parkville,712.2666666666667,700.0,700.0,68.0,False,False,False
83db29e81fd17005c12665662d3ce8829766043c,feb,2021,heat,hold,Bowie,705.4791666666666,725.25,724.1458333333334,10.0,False,False,False
83f66dd4c0cf0a0799df0af7470304f3e19bbb0e,feb,2021,heat,hold,Glen Burnie,706.7556390977444,710.4924812030075,710.296992481203,60.0,False,False,False
84b53acf4ec95765c7c0c5c93bbdc4343b6fafc4,feb,2021,heat,hold,Abingdon,675.5096038415367,675.6752701080433,675.7430972388955,0.0,False,False,False
84d363e738209dcf494df91eee60df8bc7210cdc,feb,2021,heat,hold,Fulton,635.2142857142857,671.0,670.0,0.0,True,False,True
8501afa43182ae4639490c39b849216f7e240d16,feb,2021,auto,hold,Linthicum Heights,705.8648648648649,744.8648648648649,714.8648648648649,30.0,True,False,True
8529f5d19b60613c92e2bda25e98d20dab5d1261,feb,2021,cool,hold,Capitol Heights,693.0344827586207,749.3103448275862,749.3103448275862,0.0,False,False,False
8529f5d19b60613c92e2bda25e98d20dab5d1261,feb,2021,heat,hold,Capitol Heights,761.4804101061882,767.2361772244599,767.2361772244599,0.0,False,False,False
853818b02fa87511c6e37b5a32a1acebcaccc348,feb,2021,auto,hold,Abingdon,671.1428571428571,729.0,679.0,20.0,False,False,False
8621ce3ea2a24e83c23ebaf77121a90a4ef473a1,feb,2021,heat,hold,Baltimore,688.4283121597097,686.4845735027224,686.5825771324863,70.0,False,False,False
864c6761473075e5a570d58367561af7507ea51b,feb,2021,heat,hold,Randallstown,724.9908088235294,750.0,728.4185049019608,40.0,False,False,False
8687c7f06403bc22061cec7554cf9ab3b8ea9029,feb,2021,heat,hold,Bel Air,689.9239130434783,686.7934782608696,686.7934782608696,20.0,True,False,True
86fd734b2bdbacdb52ce4dbbe7b93677dca7f33e,feb,2021,heat,hold,Ellicott City,714.5,720.0,720.0,0.0,False,False,False
87075c44ab0c604487ca9e5dfc985dc4d3bd5c8d,feb,2021,heat,hold,Bowie,673.4277456647399,680.0809248554913,680.0809248554913,50.0,False,False,False
8731bd9ca2c8b3a472637cc8cb65493a7468d1d0,feb,2021,heat,hold,Baltimore,665.6034482758621,641.2068965517242,641.2068965517242,29.0,True,False,True
8733b126a7e94d5f73d550da877a874196505452,feb,2021,heat,hold,Baltimore,691.158027812895,693.204804045512,693.20796460177,0.0,False,False,False
876c34b5d47df3fcc3199cb235a540c52838c4a7,feb,2021,auxHeatOnly,hold,Baltimore,677.8662519440124,677.4136858475895,677.4136858475895,90.0,True,False,True
879ddc6495389bc169867cc4f595ecc4889184a6,feb,2021,auto,hold,Baltimore,812.2157894736843,879.1052631578947,828.0421052631579,9.0,False,False,False
87b93d914f684175051435e6e10b0b0c4151ced7,feb,2021,auto,hold,Abingdon,689.6657824933687,810.0,692.0053050397878,0.0,False,False,False
87d51152901507fce151539d45f695bd0e2db303,feb,2021,heat,hold,Germantown,722.2647058823529,725.7894736842105,725.7894736842105,35.0,False,False,False
87edfe514e5cdb33ad1c52d478e583b0bd5e32a5,feb,2021,heat,hold,Baltimore,696.3247863247864,694.1880341880342,693.974358974359,10.0,False,False,False
8801a2fa3283cfa48bb4e6e2d1f03d9ca6f6def4,feb,2021,heat,hold,Owings Mills,782.156,787.8,787.8,40.0,True,False,False
882e21273336bbe115793e6fff00dbf0ec9bb160,feb,2021,heat,hold,Davidsonville,699.1318681318681,715.1098901098901,707.3516483516484,35.0,True,False,True
885ee7298fcfc6f2cc3daf431c340ae31af9dc3d,feb,2021,auto,hold,Baltimore,684.6314935064935,742.8571428571429,685.7721861471862,30.0,True,False,True
888efdc2589ebe31609e3f89a04d4b5b53bee9f4,feb,2021,auto,hold,baltimore,674.7931034482758,780.0,670.0,0.0,False,False,False
88d4af384e2cc3fde8b6a3383b68fdd66edc6077,feb,2021,heat,hold,Sykesville,691.635538752363,696.0260869565218,696.0260869565218,37.0,False,False,True
891379e31cb15424367dfcbd585f9e3cfef0108a,feb,2021,heat,hold,Laurel,724.6580238262088,727.3517869656622,727.3517869656622,0.0,False,False,False
891a6f47302be3634a269d374fec047be648d28b,feb,2021,heat,hold,Annapolis,703.1342281879195,709.2214765100671,708.5771812080537,0.0,False,False,False
893d0dec32350fa4464226b47405a0ee2fda77b1,feb,2021,heat,hold,Pikesville,694.2415458937198,727.7584541062802,727.1787439613527,0.0,False,False,True
8951af47b66a70257b036af9cc6fe5931e2e8de4,feb,2021,auto,hold,Harwood,731.3571428571429,785.0,735.0,0.0,False,False,True
89c2a00ea0d2363c98096e1fe58a4673c1c38d2f,feb,2021,auto,hold,Thurmont,696.6851114649681,750.0,700.0,30.0,True,False,True
89ce08a7c2f5b1ed4160664738452842875e43ab,feb,2021,heat,hold,Annapolis,683.2,720.0,720.0,5.0,False,False,False
89e6a5046233a8278c1a9a25391058341d7e04cb,feb,2021,auto,hold,Glen Burnie,677.9247443762781,744.4372188139059,679.1856850715747,48.0,False,False,False
89f04f3b07544a7500dbbb276c43f83877fc97dd,feb,2021,heat,hold,Ellicott City,647.7955801104972,651.2651933701658,636.171270718232,10.0,False,False,False
89fd874bbdcdb5ce2f38d68fb1bc48706d84ae44,feb,2021,heat,hold,Reisterstown,676.0899598393574,680.0,680.0,0.0,True,False,False
8a05ba6d573fc56f0a152761846a958fbe91d585,feb,2021,auto,hold,Mount Airy,671.5833333333334,780.0,679.7916666666666,0.0,False,False,True
8a5ea1829c48dde0ed6c8a86ca80a63baf5145b1,feb,2021,auto,hold,La Plata,669.6460017969451,723.6972147349505,675.6567834681042,40.0,True,False,True
8a824b8ca3247139f1550fdc2d8805b4904a57fe,feb,2021,heat,hold,Bel Air,677.7142857142857,678.2678571428571,678.2232142857143,10.0,False,False,False
8ac66278db0b9759a1632f83fe370d60a2415702,feb,2021,heat,hold,Sykesville,645.542654028436,690.8127962085308,645.6919431279621,118.0,False,False,False
8b96c8595cc45ee4da41a53b85ae6260fae44437,feb,2021,heat,hold,Capitol Heights,750.8090277777778,755.0,755.0,0.0,False,False,False
8bb3f48242bc6c90a3cd32f3f906417df16767bc,feb,2021,auto,hold,Columbia,628.8,707.6,633.4571428571429,10.0,False,False,False
8c04176d861aa4fd72c44000668235ef149c213a,feb,2021,heat,hold,Pikesville,700.7754629629629,704.2314814814815,704.2314814814815,70.0,False,False,False
8c0eeedc98ba06027a879dca600731799ff61d38,feb,2021,heat,hold,Ellicott City,663.4091743119266,669.9504587155964,669.594495412844,40.0,False,False,False
8c359fd849bc95de5cf6236454d0334145e6cbf7,feb,2021,auto,hold,Waldorf,724.1670403587444,770.0,725.8060538116592,45.0,False,False,False
8c766d3e0a0a6418e9cf7e41fa7932239ecbaca6,feb,2021,auxHeatOnly,hold,Hyattsville,634.9202531645569,650.0291139240506,640.0392405063291,99.0,False,False,True
8c964c07defc2aa2531b600e131b29afbe122eaf,feb,2021,heat,hold,Chesapeake Beach,646.9459459459459,750.0,647.2972972972973,0.0,True,False,True
8ce92f63b38b4ee8c06feddc99705feb491367da,feb,2021,auto,hold,Lexington Park,663.8378378378378,755.6,665.2810810810811,5.0,False,False,False
8ce92f63b38b4ee8c06feddc99705feb491367da,feb,2021,heat,hold,Lexington Park,668.4874759152216,665.3082851637765,646.6994219653179,5.0,False,False,False
8d1e892c55777ceba31768739398f597392c1c6a,feb,2021,heat,hold,Gaithersburg,686.8863471314452,700.0,700.0,17.0,False,False,True
8d8d536a6860019106ddbb3bd8baf6aa2168e0fb,feb,2021,auto,hold,Gambrills,656.6629213483146,770.0,639.1797752808989,0.0,False,False,False
8d97359e163f101e5ebe94f18f14e0ea0fb2c192,feb,2021,heat,hold,Edgewood,697.8125,700.0,700.0,39.0,True,False,True
8d99c9b2163d18a4873770fe55e8bd570a01e23f,feb,2021,heat,hold,Lusby,701.667964946446,704.7309315157416,704.7309315157416,0.0,True,False,True
8da6d3baa1949f05c46bf1247dec9c9ba1629bfb,feb,2021,heat,hold,columbia,704.0270935960591,701.5073891625616,701.5073891625616,30.0,True,False,True
8da83daee15d0d5b80891f84c794853e7a4da8c7,feb,2021,heat,hold,Laurel,736.78,741.5,741.5,20.0,False,False,False
8dbd7b3377158371233ac8f5ebe4a24793de3e22,feb,2021,heat,hold,Baltimore,702.7298720842739,703.5492851768247,703.5492851768247,20.0,False,False,False
8dbf1ca4adcd47e0b2d62525b3610e7ca0614558,feb,2021,heat,hold,Baltimore,696.0,730.5416666666666,699.625,0.0,True,False,False
8dc2226ac7b0b38287dc9038b7d3510f118246fd,feb,2021,auto,hold,Eldersburg,701.9026217228464,782.4494382022472,711.501872659176,0.0,False,False,True
8e0be0a5a04c22335b73247c8a0fdfa7e265048c,feb,2021,heat,hold,Laurel,707.5188679245283,720.2075471698113,719.8584905660377,0.0,False,False,False
8e153d4dc4a26dd977cad8e51be074eb1d35ffa8,feb,2021,auto,hold,Ridgely,689.2768273716952,754.7589424572317,689.3499222395023,0.0,False,False,True
8e153d4dc4a26dd977cad8e51be074eb1d35ffa8,feb,2021,heat,hold,Ridgely,682.7341040462428,687.485549132948,686.971098265896,0.0,False,False,True
8e453d9c1aadcdc3cf7ca20880722e56ac08dd4f,feb,2021,heat,hold,Swan Point,696.6270708494889,698.5618611209023,698.5618611209023,0.0,True,False,True
8e46318c343f355b8961e076d6b3fd94eb21351d,feb,2021,heat,hold,Bel Air,679.0666666666667,680.0,680.0,60.0,False,False,False
8e4633f9e6823dc500428bd17ca7abf7565ddfee,feb,2021,heat,hold,Crofton,646.199709513435,650.0,650.0,50.0,True,False,False
8e568cc333b699bb263b7c702c0209efc3ee35d3,feb,2021,heat,hold,Frederick,684.3484848484849,684.4494949494949,684.4494949494949,20.0,False,False,False
8e57a681bfdf303590b87f03d9fb10953c6e02ff,feb,2021,heat,hold,Baltimore,725.8461538461538,730.0,730.0,19.0,True,False,False
8e849748b82407d940c425bf8b6fb841879891bd,feb,2021,heat,hold,Baltimore,659.5108069164265,657.3656340057637,655.053674351585,0.0,False,False,True
8ec93c42a8478e2387a924e2f4f75f0b3c93dff4,feb,2021,heat,hold,Millersville,660.5245901639345,637.016393442623,637.016393442623,15.0,False,False,False
8ef63fe151c6922e008e4c2725fc07fa4e6e3601,feb,2021,heat,hold,Columbia,735.8285714285714,739.3142857142857,739.5428571428571,45.0,True,False,True
8ef78209e74da1ec38101bd2e130d9f714fbae0f,feb,2021,heat,hold,Laurel,715.1516853932584,745.0,745.0,20.0,True,False,True
8fc079ef7c0416d0ea9e5ca911e0b37c6c4a812b,feb,2021,heat,hold,Columbia,683.1326299924642,685.9766390354182,685.9653353428787,39.0,False,False,False
8ffdd0747e85764235e8369af28a49499e1f1483,feb,2021,heat,hold,Baltimore,651.375,651.125,650.0,100.0,False,False,False
90714ebefe602a2ae88ea1b796a67bb77c1c8258,feb,2021,auto,hold,Silver Spring,677.0416666666666,745.0,675.0,0.0,False,False,False
907b8001f45e4c2b79c27a5ef7761cf9db89d280,feb,2021,heat,hold,Owings Mills,731.2311827956989,740.3118279569892,740.6989247311828,29.0,True,False,True
90bf8e723d9fc770a61e6e718dd92a2a615ca164,feb,2021,heat,hold,Owings,680.6664712778429,684.8235638921453,684.8235638921453,47.0,False,False,True
90f8544c690d3c13467f692167f1521f38c04d9c,feb,2021,auto,hold,Glen Burnie,726.8924302788845,800.0,719.7609561752988,30.0,False,False,False
91857860022f7b4086c07439ae24fd230867661a,feb,2021,auto,hold,Rockville,674.1166180758017,799.0991253644315,677.7026239067055,10.0,False,False,False
918a34c1c0f7ef822012ab7eba55af472a8cb298,feb,2021,heat,hold,Severna Park,569.5534441805225,570.5154394299287,570.5154394299287,30.0,True,False,True
918e260d629f7c8d2f7c97b1f20cb3185f81a89c,feb,2021,heat,hold,Bethesda,632.3108974358975,700.0,633.0769230769231,9.0,True,False,False
91c089fdbc20bfb2a6b623116503a69d895ba828,feb,2021,heat,hold,Nottingham,728.9419087136929,730.3858921161826,730.3858921161826,47.0,True,False,True
91e51da5b7878419a4c4d7ab615c7a35abf4344e,feb,2021,heat,hold,Baltimore,677.4215686274509,680.0,680.0,9.0,True,False,False
92065b29601cfb1055090793d4d342d7bdde3c7b,feb,2021,heat,hold,Rockville,703.2,727.2,725.6,0.0,False,False,False
9276eed82071607ba43e9659f31db0a269ae58dd,feb,2021,heat,hold,Baltimore,716.0842696629213,716.3033707865169,716.1011235955057,9.0,True,False,True
9288b6c38216f504cf768d1a0a859a70734dbfb0,feb,2021,auto,hold,Frederick,728.4306338028169,771.2845070422535,730.3401408450704,8.0,False,False,False
92ac7b82ffd2b89525d27152577b2e84e3b2dcb1,feb,2021,heat,hold,Westminster,675.4586143470264,675.9019006744329,675.9019006744329,0.0,False,False,False
92e7b9110c5bac80f230de0a7c4615250e788487,feb,2021,heat,hold,Manchester,646.0008814455707,646.9374173644777,646.9374173644777,0.0,False,False,False
930cfadf0ce03bca52c57f7bc5300c73bf25ee73,feb,2021,heat,hold,Silver Spring,714.3117890382626,720.0,720.0,65.0,False,False,False
9367c759a4a12e9633ce01c0805f305a62bddb3d,feb,2021,heat,hold,Odenton,765.4082568807339,775.7018348623853,775.6330275229358,15.0,False,False,False
939835cb8853260ba5ec00980eb81425b2ccacbd,feb,2021,auto,hold,Carney,684.8888888888889,750.3888888888889,692.0555555555555,65.0,False,False,False
939835cb8853260ba5ec00980eb81425b2ccacbd,feb,2021,heat,hold,Carney,623.0,690.0,690.0,65.0,False,False,False
93f2fc9e20707d3ffac308754b780386fb32c464,feb,2021,heat,hold,Westminster,679.9500193723363,682.5230530802015,682.4951569159241,0.0,False,False,False
93fb78c4a6410e4195b3365446634fb11d23ab56,feb,2021,auto,hold,Potomac,704.1590909090909,770.0,710.0,50.0,False,False,False
9449f254ca6d098a3543c2361b2db4642b408b06,feb,2021,heat,hold,Odenton,677.6,662.2,662.2,50.0,False,False,False
946d99f4c6014ed0b6e9ba82a776770b422d0ea1,feb,2021,auto,hold,Bethesda,713.5989010989011,779.8664835164835,715.4263736263737,0.0,False,False,False
94722682c6a2800c992e7b47d40c00ab9f4401c5,feb,2021,heat,hold,Upper Marlboro,708.3125,701.0,700.1666666666666,0.0,False,False,False
94bf8067903f178ed38ee06bad06b761f099fd52,feb,2021,auxHeatOnly,hold,Bel Air,709.8,680.0,680.0,19.0,True,False,False
94bf8067903f178ed38ee06bad06b761f099fd52,feb,2021,heat,hold,Bel Air,631.1206030150754,659.5427135678392,627.6365159128978,19.0,True,False,False
94e9ec8641eaa6a9994d44cd038c0a7ec25a5fd1,feb,2021,heat,hold,Monrovia,690.363697705803,690.0,690.0,120.0,False,False,True
94f83b9cb91df7abf170b58a8a4749a90ec919f7,feb,2021,heat,hold,Owings,634.6621621621622,643.8243243243244,643.8243243243244,20.0,True,False,True
9515cb66ca25b80b6310cb0da4d99b9e715e6ee5,feb,2021,heat,hold,Kingsville,682.2,670.0,670.0,15.0,True,False,True
954304839636e61f60b1bd6a463cd81a25d264a0,feb,2021,auto,hold,Bel Air,737.8115838398284,770.0,740.0,50.0,True,False,False
956585b65f68d66a8be6816ecdac69fd2d0fb5da,feb,2021,heat,hold,Hanover,779.4967234600263,784.4167758846658,784.4167758846658,5.0,False,False,False
95767dfb4f4484673a284429c6eac05eebbbba90,feb,2021,auto,hold,Millersville,678.8210526315789,735.0,685.0,20.0,True,False,True
95e395c76b9521c1f9308b94c6b0642d7cf93b23,feb,2021,auto,hold,Millersville,679.2631578947369,740.0,690.0,20.0,True,False,True
960cc101bc1f7fcd633d3da52643455ed2923d0f,feb,2021,auto,hold,Baltimore,671.2426556991775,725.0,675.0,20.0,False,False,False
961f767ea650e50bf7f89d42caf938baf95fbf28,feb,2021,auto,hold,Silver Spring,716.3194444444445,770.625,720.625,50.0,False,False,False
968a6d4154e3a6805b540bc468ce81008143090e,feb,2021,heat,hold,Baltimore,707.1703204047218,710.0,710.0,0.0,False,False,False
9699eb71c2724a2157e3644038e6793f8852b60b,feb,2021,heat,hold,Frederick,698.9240056818181,699.5401278409091,699.5401278409091,0.0,False,False,False
96c0333e1bfa0f049d793ba7000a8ece95b71676,feb,2021,heat,hold,Severn,672.2082018927445,670.0,670.0,0.0,False,False,False
972a972e0c5954ffdc36deffe5ed227e4c3f7f8a,feb,2021,heat,hold,Gwynn Oak,683.146288209607,685.4039301310044,685.4039301310044,80.0,False,False,True
9745cda1c733bb7451871965a7d6c179f42e3801,feb,2021,auto,hold,Halethorpe,675.609126984127,770.0,675.0,30.0,True,False,True
97b65fde46a7fff2282edcb9c5bf87ba48f9fc9f,feb,2021,heat,hold,Frederick,713.7543859649123,711.561403508772,711.561403508772,0.0,False,False,False
97e4569343e47455435c4ff9788aba23b372945d,feb,2021,auto,hold,Great Mills,659.4049657534247,718.777397260274,660.9006849315068,40.0,False,False,True
9829679f623b2033d43b12f6095bd71c258b4e79,feb,2021,heat,hold,Brooklyn,734.9183673469388,748.2244897959183,749.5918367346939,77.0,False,False,False
983024ab0d6d61348c37592ac100fb1060727444,feb,2021,heat,hold,BRUNSWICK,737.5280682443588,740.0,740.0,5.0,False,False,False
985bcdd16271fc96bc7bad24e225e30c5049d2ca,feb,2021,heat,hold,Havre de Grace,747.9704918032787,750.608743169399,750.6069216757742,0.0,False,False,False
985f75200ddb23ffa4fffb731c7dd61ffb3a8759,feb,2021,heat,hold,Bowie,728.5151515151515,715.2272727272727,714.2727272727273,10.0,False,False,False
986140bc78ae9ba924b5b4d8d7150e02ec9d4f1b,feb,2021,heat,hold,Halethorpe,739.3604651162791,718.7441860465116,718.7441860465116,30.0,False,False,True
987ba7295c8e67937fd0011651df8bbf231ca726,feb,2021,heat,hold,Baltimore,713.4079634464752,717.2421671018277,717.2167101827677,80.0,False,False,False
98c583262c6b8c1d9de411dfdab502c2676f73bb,feb,2021,heat,hold,Lutherville-Timonium,630.3010752688172,642.1290322580645,640.741935483871,0.0,True,False,True
99a58261451ef06e212eae2a14d19ca8d271c98c,feb,2021,heat,hold,Bowie,719.7573449401524,716.8520130576713,716.8520130576713,10.0,False,False,False
99c8384c33466e4ea84c53a4db4fc326382c80a6,feb,2021,auto,hold,Catonsville,678.036231884058,780.0,680.0,0.0,False,False,False
9a181db4899ee877d925188069eb64bd33aeaf57,feb,2021,heat,hold,Abingdon,666.7058823529412,679.0,670.0,30.0,False,False,True
9a1a8769c0c6b6c666a7f1faaa5fd3dcac28e157,feb,2021,heat,hold,Owings Mills,679.794375,680.68125,680.545,0.0,False,False,False
9a2eb50f431986923525d4b435e6af5d5caad7bf,feb,2021,heat,hold,Frederick,732.5333333333333,735.2,735.2,5.0,False,False,False
9a379d9032608b11e634c653da9d51b08584595b,feb,2021,heat,hold,Jefferson,721.71875,724.375,724.375,5.0,False,False,False
9a4836826f1776c5471f3cf2c4f8270e1fdc13b6,feb,2021,auto,hold,Bowie,671.2692669172932,780.0,672.2843045112782,10.0,False,False,False
9a81b482a80a3cac0ef70f647fa2ddca91e15810,feb,2021,heat,hold,Windsor Mill,707.0890083632019,710.1326164874552,710.0782556750298,30.0,False,False,False
9a8667e7abe702de85d68a3bb1d3f6e405d0b057,feb,2021,heat,hold,Catonsville,685.8918918918919,673.0540540540541,673.0540540540541,0.0,True,False,True
9ab2129ac427f1d2cd8b75afe4f9b200204cdd04,feb,2021,heat,hold,Bel Air,678.7107218683652,679.6815286624204,679.6815286624204,10.0,False,False,False
9aef97a0e8204c8e955888dd9faa4f221ea9678c,feb,2021,heat,hold,Baltimore,666.3589743589744,651.5384615384615,651.5384615384615,85.0,False,False,False
9b0d56321b3ad87fa73e0372790429d09b8ebfe1,feb,2021,heat,hold,Edgewater,715.9300653594771,720.0,720.0,10.0,True,False,True
9b15ee61c8737c60ccb0b91dfe83d011e0716a0f,feb,2021,heat,hold,Annapolis,669.1775793650794,671.6785714285714,671.6785714285714,40.0,False,False,False
9b21f82a8572ea7a784cf07d04e258f27320fcdd,feb,2021,heat,hold,Towson,685.4243194192378,686.2290381125226,686.2290381125226,70.0,False,False,False
9bc5bb94f4a634d8016a6f2f381e626b1a556449,feb,2021,cool,hold,Lothian,713.0392569225377,820.0,820.0,90.0,False,False,False
9bc5c06f5453a7ddd4ae1e839f4e749e443f0844,feb,2021,heat,hold,Towson,679.9843400447427,660.761744966443,660.761744966443,25.0,False,False,False
9bcc25b9e42c9ad3c0faaaa9a39fc21a9dc6d336,feb,2021,heat,hold,Reisterstown,518.3644444444444,651.4977777777777,526.4822222222223,70.0,False,False,False
9bfb8a8d78faa5a58a29a801a4db7329246b9e7f,feb,2021,heat,hold,Bowie,673.7653478854024,676.0395634379263,675.9577080491132,0.0,False,False,False
9c14256ab338f9be02152f40cf87be584fd6d55b,feb,2021,heat,hold,Baltimore,680.6755555555555,683.5555555555555,683.5377777777778,0.0,False,False,False
9c31f1f1c332d36775c52f0366665856c1ba6d80,feb,2021,heat,hold,Laurel,680.6034482758621,691.1034482758621,689.5689655172414,20.0,False,False,True
9c8325c33ade76355b99e822b31553e0bd336c13,feb,2021,heat,hold,Baltimore,660.0807453416149,682.9006211180124,660.5403726708074,5.0,True,False,True
9c9effaa602666d1b3bd52d84dd7edd27bf0d4a5,feb,2021,heat,hold,Crownsville,693.906548933039,696.9102281089037,696.9102281089037,10.0,False,False,False
9cbf6a9d6cdbeda924b5c5e9a19796638bb43661,feb,2021,heat,hold,Abingdon,614.2400284900285,615.6086182336182,615.6086182336182,10.0,False,False,False
9d3a23bcdf4e1d3c8ec1cfcd6962bab7f1c62394,feb,2021,heat,hold,Baltimore,683.0833732630571,682.388116914231,682.388116914231,120.0,False,False,False
9d53fc8243753c1c60ed5a71909ae3093f6ea2c8,feb,2021,heat,hold,Rockville,745.1578947368421,750.5263157894736,748.1578947368421,40.0,False,False,False
9d62b181a3d9468cb320a92848755931459dec64,feb,2021,heat,hold,Huntingtown,726.5836834733893,729.6428571428571,729.6428571428571,0.0,False,False,True
9d8302a119e191147dc4d318702aa570fe90e9cb,feb,2021,auto,hold,Lusby,653.975,717.0,657.0,15.0,True,False,True
9d9bd60caa435a40788f7d0a44488fdc63605751,feb,2021,heat,hold,Baltimore,722.5135135135135,721.4594594594595,721.4594594594595,10.0,False,False,False
9dba1f03ec8a0151329679c792e15a98cf10e074,feb,2021,heat,hold,Baltimore,713.4102564102565,720.0726495726495,719.9273504273505,20.0,True,False,True
9de47dd99d0ce79c31ba61c96bdff1658ff0d341,feb,2021,auxHeatOnly,hold,Laurel,726.5,730.0,730.0,10.0,True,False,True
9e21a0d423b0c80d474f1a9db386cd71d277c088,feb,2021,heat,hold,Westminster,697.8695652173913,706.7859531772575,705.6153846153846,37.0,True,False,True
9e616d88e102752378de31946cfdd49f6e85924b,feb,2021,heat,hold,Boonsboro,707.1312640239341,710.0,710.0,10.0,True,False,False
9e8ae2be72d9a48b6b1b3400c2b86ceae956b9e2,feb,2021,heat,hold,Baltimore,688.3353293413173,691.377245508982,691.377245508982,0.0,False,False,False
9eb4c957f7a2c76fe5ff18247f154a43a9a2aaf6,feb,2021,heat,hold,Oakland,690.4856140350877,711.4245614035087,690.7642105263158,15.0,True,False,False
9ecf27bec39b056ce96cca357c982709dcd6c8eb,feb,2021,auto,hold,Abingdon,706.6666666666666,770.0,690.0,25.0,True,False,True
9efc543c06f390abe80781b48608bcb5d9cf8a81,feb,2021,auto,hold,Dunkirk,722.0632530120482,820.0,720.0,10.0,False,False,True
9efc543c06f390abe80781b48608bcb5d9cf8a81,feb,2021,heat,hold,Dunkirk,728.7254901960785,716.7647058823529,716.7647058823529,10.0,False,False,True
9f2b12f7b28ed2f476617b88c19d9568608d9511,feb,2021,heat,hold,Columbia,733.7169540229885,734.235153256705,734.2270114942529,20.0,False,False,False
9f4a4dc8cfadd468385504f0cee700adcf2ff620,feb,2021,auto,hold,Arnold,702.4105960264901,770.0,700.0,0.0,False,False,False
9f50542dbfbca57fb8b3ed1e0886393bfdaf8564,feb,2021,heat,hold,Perry Hall,668.7244152046784,660.0,660.0,10.0,False,False,False
9f8984428af337f2ddca826bf56accd24c57a38f,feb,2021,heat,hold,Middle River,701.9166666666666,735.0,685.0,55.0,False,False,False
9f9e7845d7c72f56602970d724c44b55bf326157,feb,2021,heat,hold,Clinton,713.4761904761905,710.4761904761905,710.4761904761905,10.0,True,False,False
9fb737a6abf5fac7900bc54f7be4cc85112490c6,feb,2021,heat,hold,Glen Burnie,668.0551181102362,674.4094488188977,672.8661417322835,35.0,True,False,True
9fbb7f9892455c8f1550693056a426c6298979e1,feb,2021,heat,hold,Middle River,717.9616306954437,718.1774580335731,718.1774580335731,47.0,True,False,True
9fbfed844ab88ab13d210988696e3b773416c530,feb,2021,heat,hold,Silver Spring,670.4434782608696,672.2695652173913,670.6173913043478,0.0,False,False,False
a03a2fca14c3a9d06f9d6a493a1b4a916eabd61f,feb,2021,heat,hold,Baltimore,696.7988505747127,700.0,700.0,50.0,False,False,False
a064a07296f47d3dfe6af03ccac9435ce4cd4e09,feb,2021,heat,hold,Phoenix,676.1120815138282,680.0,680.0,0.0,True,False,True
a0763d2371d8512827bec4df0da7e195dc6b60f7,feb,2021,cool,hold,Baltimore,701.25,700.2916666666666,699.5416666666666,80.0,False,False,False
a0a725e440219506c3ad37b2674e441d4769657f,feb,2021,heat,hold,Westminster,672.8,650.0,650.0,10.0,False,False,True
a0c3064489c3f282820f97a7928e23dd805cc6ad,feb,2021,heat,hold,Aberdeen,686.2647058823529,690.5,689.9117647058823,45.0,False,False,False
a118dd74623c83f27ad67278e4126b192f343a44,feb,2021,heat,hold,Ellicott City,709.246653919694,712.2906309751434,712.2906309751434,10.0,False,False,False
a1307b1fabb1c11c08451ffbbd9d2733d5a65b5b,feb,2021,heat,hold,Pikesville,769.0883720930233,776.693023255814,776.693023255814,65.0,False,False,False
a14feab05f691892dc12239ce6cbbc5f34a62a03,feb,2021,auto,hold,Owings Mills,715.4583333333334,749.75,719.5416666666666,20.0,True,False,False
a15e26f667633438022cbd7226f08a4fc473b844,feb,2021,heat,hold,Pikesville,740.4332784184514,500.0,500.0,0.0,False,False,False
a17f6f0327db50874316a0be40e0dd39755f5773,feb,2021,heat,hold,Owings,719.6666666666666,754.0,754.0,30.0,True,False,True
a1ead5e992113b74d8723617b78fafa3a8dcd59e,feb,2021,heat,hold,Odenton,683.2662662662663,685.4074074074074,685.4074074074074,5.0,False,False,False
a1f9724827c1919ce99a48d06256f628072ada53,feb,2021,heat,hold,Rosedale,684.0838926174497,685.4395973154362,685.4395973154362,16.0,False,False,False
a21fdff4eae28d213f266c36ca6b624502cadea9,feb,2021,auto,hold,Odenton,637.64,710.0,600.0,0.0,True,False,False
a2883c851a899be842d93dbf1eae6552a86dca7b,feb,2021,auxHeatOnly,hold,Nottingham,765.6214285714286,759.9773809523809,759.9773809523809,20.0,False,False,True
a2883c851a899be842d93dbf1eae6552a86dca7b,feb,2021,cool,hold,Nottingham,775.3421052631579,756.140350877193,756.140350877193,20.0,False,False,True
a2883c851a899be842d93dbf1eae6552a86dca7b,feb,2021,heat,hold,Nottingham,749.1968693558098,745.2101143889223,745.2101143889223,20.0,False,False,True
a2895cb52982533b90623c453d4df0d9d96bb984,feb,2021,heat,hold,Bel Air,694.6666666666666,701.4166666666666,699.4583333333334,27.0,False,False,False
a2c7bc1aa12a9e6a6712c8bfdec237a160f8ad51,feb,2021,heat,hold,Frederick,707.6111111111111,710.0,710.0,30.0,False,False,False
a2e08820b8c7c7bada572b8bde92fa56afc21bc4,feb,2021,auto,hold,Dayton,662.0766939687268,770.0,664.5085629188384,5.0,False,False,False
a2faf81d90c2f1001209cd1fe0f8c0b13f484f62,feb,2021,heat,hold,Boonsboro,678.2341994382023,680.0,680.0,10.0,True,False,False
a309331f76c4c192de1b403af31a4857ced39b26,feb,2021,heat,hold,Crownsville,709.0910209102091,714.1217712177122,713.7847478474785,10.0,False,False,False
a34a691b73d6056bd0c9cd942d989ba13bd61b9f,feb,2021,auto,hold,Severna Park,738.4840630472854,860.0,740.0,0.0,False,False,False
a35728d78493cd84cfdc862161e54744830d16de,feb,2021,heat,hold,Baltimore,582.8219178082192,517.945205479452,515.5479452054794,90.0,False,False,False
a35aa0e810c9b26d90132afa3e329f1035259481,feb,2021,heat,hold,Baltimore,674.1860068259385,681.122866894198,677.6348122866895,90.0,True,False,True
a36ee9971b480dfcbd3b9cb4b9b832cb83b5ad58,feb,2021,auto,hold,Lutherville Timonium,698.1932870370371,774.4444444444445,701.175925925926,40.0,False,False,False
a3804a13214973b064b73f640765699edc0673d8,feb,2021,heat,hold,Westminster,697.3333333333334,730.0,700.0,0.0,True,False,True
a38347d524d4e2ca461ad99f233c8b27990153a1,feb,2021,auto,hold,Hyattsville,685.1850715746422,730.0,680.0,0.0,False,False,False
a38e34999712fde57e946ec93c8f7978f197dcf5,feb,2021,heat,hold,Phoenix,652.9987409505823,655.7267862763614,655.7267862763614,37.0,True,False,True
a3aebfdb1e8fa1b6b2bd85356cacaacaf30d17fd,feb,2021,heat,hold,Beltsville,664.7596810933941,666.3952164009112,666.3906605922551,39.0,True,False,True
a3bf51d172c65af1e27a90dccab60985fa63e6a0,feb,2021,heat,hold,Lake Shore,642.3529411764706,676.9852941176471,676.4705882352941,50.0,True,False,True
a3fd93892cab55b83fc08b7cd5b459bc555a7a46,feb,2021,auto,hold,Windsor Mill,703.4743912678422,766.3979848866499,707.3803526448363,9.0,False,False,False
a406cee771ce2711a17573bccde2c477f6fd18d7,feb,2021,heat,hold,Owings,737.1175141242937,737.2853107344632,737.2898305084746,0.0,True,False,True
a43aae75ebe8a32e813c12507411d4766f25fe16,feb,2021,heat,hold,Baltimore,731.3050193050193,737.6138996138997,737.2393822393823,0.0,False,False,False
a44af570ebe86a520db1dfc75a70666482fcef21,feb,2021,heat,hold,Columbia,688.5553221288516,690.0,690.0,47.0,True,False,True
a457cf0232a574dce89ef169f98506e16afe5019,feb,2021,heat,hold,Baltimore,716.6477987421383,720.0,720.0,0.0,False,False,False
a49819b367d2d7ac2257d940d12881459ac2816d,feb,2021,heat,hold,Baltimore,691.6927710843373,713.9216867469879,713.9096385542168,120.0,False,False,False
a4b44696f8ce8093b0fc2e89b7b7f7478a262883,feb,2021,heat,hold,Baltimore,722.2039045553146,722.8405639913232,722.8405639913232,5.0,False,False,False
a4b554bcd434fe07f7376e13bfade4c4703b96a7,feb,2021,heat,hold,Laurel,680.8813559322034,651.6779661016949,651.6779661016949,39.0,True,False,True
a4dd44487afeadd3225a5927931c394ce64ca745,feb,2021,heat,hold,Nottingham,697.2675862068966,701.0193103448275,700.936551724138,0.0,False,False,False
a595fecd3f126c9442ae558b2221a1c69ab11458,feb,2021,heat,hold,Baltimore,759.3522053982883,763.6912442396314,763.6319947333773,75.0,False,False,False
a5a7d64c50c2e2a92aff532688ea92ee6db30590,feb,2021,auto,hold,Frederick,719.4980959634426,767.9192688499619,718.988575780655,20.0,False,False,False
a5dc0388b8b888429e72478acc04f911122b8aec,feb,2021,heat,hold,West Friendship,701.504907306434,702.9672846237731,702.9672846237731,39.0,False,False,False
a5e1468a43631ddca5958d9507721c1259c3f979,feb,2021,heat,hold,Easton,669.4821428571429,672.8571428571429,672.8571428571429,15.0,True,False,False
a5f6eeb41d0fa5e6e04a754edb6731edf4855803,feb,2021,auto,hold,Millersville,681.7575757575758,764.0,680.6060606060606,0.0,False,False,False
a62fa52b61eee8208d776e8e0316fe407ef3f24f,feb,2021,heat,hold,Kensington,710.1486486486486,718.4572072072073,717.509009009009,20.0,True,False,True
a63fd4d842acffdf7145c465255634048932f9a0,feb,2021,heat,hold,Baltimore,695.5,703.0,698.5,0.0,False,False,False
a67c0a7e1e65ee47b23dfc9d30e224be0895af5b,feb,2021,heat,hold,Leonardtown,700.247001332741,703.4198134162594,703.3376277210128,19.0,True,False,True
a695b4e72714e00707f44b79e791e02c5389d9eb,feb,2021,auto,hold,Hyattsville,717.6659856996936,780.0,701.1103166496425,0.0,False,False,False
a6b352e16e256c3a22eff83919a6a11511ceeff4,feb,2021,heat,hold,Reisterstown,719.0,776.0,719.0,27.0,False,False,False
a6d8530d03dbdfafb9d488a46f6f429eb8529eff,feb,2021,auto,hold,Ellicott City,659.9605263157895,747.1319659442725,660.922987616099,45.0,False,False,False
a705171adc97e3f4ef2df842967c433fe2191c5e,feb,2021,heat,hold,Ellicott City,681.6836734693877,677.469387755102,670.4285714285714,20.0,True,False,True
a72e2f3eb0a2fd8a293a1c274d9f751f1c332b32,feb,2021,heat,hold,Mechanicsville,683.0871033085753,674.8474004051317,674.8474004051317,0.0,False,False,False
a74a697ffbc3c24205784baa17bb11b5a15d79f2,feb,2021,heat,hold,Catonsville,714.4385176866929,719.7973048848961,719.7355418304323,40.0,False,False,False
a7908ce418f951b7972b26d15bd632aaa356d6d8,feb,2021,heat,hold,Perry Hall,736.420202020202,735.5878787878788,735.5878787878788,10.0,False,False,False
a79d59fb3aa54d31fb074f4d2207f811618dfe20,feb,2021,heat,hold,Baltimore,696.7069943289225,698.82797731569,698.82797731569,30.0,False,False,False
a7bb00302c201e6116b7d3817898f7e519255a1e,feb,2021,heat,hold,Ellicott City,681.3617021276596,699.6808510638298,677.5106382978723,10.0,False,False,False
a7c78f5698fb1296396f26e6f816b4bdd3750060,feb,2021,heat,hold,Nottingham,680.2875502008033,670.0,670.0,20.0,True,False,True
a7ca5a8400e201a8c3164a4d779f3980b22d0cf6,feb,2021,auto,hold,Columbia,650.3648648648649,651.918918918919,631.918918918919,5.0,False,False,True
a7ddd2bfb73b2c1c33def81b34cd24629d7422f3,feb,2021,heat,hold,Upper Marlboro,732.43955195056,735.3545770567787,735.3545770567787,0.0,False,False,False
a83e732d97237420c63d3624547ea773e41f9684,feb,2021,auto,hold,Silver spring,666.0457516339869,770.0,604.9836601307189,20.0,False,False,False
a841becd40b8f60cf15a70742dc42c05812ef4c1,feb,2021,auxHeatOnly,hold,Gaithersburg,702.4090909090909,700.8181818181819,700.8181818181819,40.0,True,False,True
a841becd40b8f60cf15a70742dc42c05812ef4c1,feb,2021,heat,hold,Gaithersburg,702.8333333333334,713.0,713.0,40.0,True,False,True
a851d24901e47d6ce5c1bb1f110f2204b2b60a7a,feb,2021,heat,hold,Mechanicsville,659.4787714543812,657.9254742547425,657.6883468834689,39.0,True,False,True
a879f6644b233bbc8c932205e2a3de019fe9afd6,feb,2021,heat,hold,Bowie,705.8844256518676,710.0,710.0,30.0,True,False,True
a8974d8c09f37badd97bd295177f08eff4a1e401,feb,2021,heat,hold,Baltimore,688.3404255319149,697.0212765957447,697.0212765957447,7.0,False,False,False
a8fac889b98c91b5445c0be2ae83549b4ddfd381,feb,2021,heat,hold,Randallstown,667.0985294117647,685.9544117647059,685.8632352941177,20.0,False,False,False
a9ef388a2cefe64696c9ae98d6a8722e82757cdf,feb,2021,heat,hold,College Park,658.6058394160584,659.3430656934306,659.3430656934306,70.0,False,False,False
aa1a09b76ebbbf7ca4ad35fc22f210b79298c42e,feb,2021,auto,hold,Baltimore,685.4444444444445,773.2569444444445,719.6944444444445,99.0,True,False,False
aa1de07616b64bb5cd083c9f8bab726f46af0889,feb,2021,heat,hold,Linganore,694.0,670.0,670.0,0.0,False,False,False
aa44af576913369b3039d25fc193ef4b796b4557,feb,2021,auto,hold,Lutherville Timonium,661.7462121212121,740.625,682.0454545454545,30.0,False,False,True
aacf3db077056af7286af0564199b73db275737e,feb,2021,heat,hold,Baltimore,739.5746140651801,736.7066895368782,743.4391080617496,0.0,False,False,False
ab13f5733f30494ec43a56abe8531a12d81e9e6e,feb,2021,heat,hold,Baltimore,679.5495,665.077,653.524,7.0,True,False,True
ab1822c50702d226a74032c3dd097c6f1dfce825,feb,2021,heat,hold,Gambrills,701.1162361623616,699.9123616236162,699.9123616236162,30.0,True,False,True
ab2859a34eb1750324ce2fec10f2ff4d079bda76,feb,2021,heat,hold,Baltimore,662.5588771418155,657.6934013853445,657.6934013853445,0.0,False,False,True
ab4006536fd74b689deb4c7586e6750fac7765c2,feb,2021,heat,hold,Lusby,692.4185861795075,698.4884829229547,697.6338363780778,0.0,True,False,True
ab71f2aee0681aa41fad5527d79ed6021347fd25,feb,2021,heat,hold,Baltimore,673.7024390243903,701.8097560975609,681.770731707317,90.0,True,False,False
ab8585ccd11cb4fba603f8f1529d609d7c7a64d8,feb,2021,heat,hold,Pikesville,708.25,710.0,710.0,10.0,False,False,False
ab94cdcded5498dc700e54043f2650aa09f32da5,feb,2021,heat,hold,Crofton,674.8076923076923,678.5576923076923,678.5576923076923,20.0,True,False,True
abb28bf310d4418dd04529b985244a3f48f8b2d0,feb,2021,heat,hold,Perry Hall,705.0837320574162,706.7344497607655,705.3755980861245,0.0,True,False,True
ac0615fbf9766a2fefe8615a0d6066cbf647e13f,feb,2021,heat,hold,Bel Air,686.6909027046013,690.0,690.0,20.0,True,False,True
ac093501b7a13a99a0660eb16bc68a64877eb6de,feb,2021,heat,hold,Dundalk,694.5254034668261,695.1225343693962,695.0956365809923,0.0,True,False,True
ac3363c95725fa0aa7e1573c8f98b47321d91ca2,feb,2021,heat,hold,Dundalk,700.440625,700.0,700.0,57.0,False,False,False
ac3b23d9b0067a9f8672305e1b6e9cb562432d80,feb,2021,heat,hold,Laurel,674.8402777777778,676.9340277777778,676.9340277777778,0.0,False,False,False
ac4439e7e6d142be6f024404fa2f5e090edfa860,feb,2021,heat,hold,Baltimore,675.3575085324233,648.0358361774744,648.0358361774744,67.0,False,False,False
ac4b509d582e2c3efed8349c8d910109f490fec2,feb,2021,heat,hold,Hollywood,684.3493506493506,690.9441558441558,690.9441558441558,0.0,True,False,True
ac63742b59ac6f73aa319821b3de1da35e481bf3,feb,2021,heat,hold,Frederick,717.7441860465116,729.6976744186046,729.6279069767442,15.0,False,False,False
ac6f9f8c6bc1361e56a7e7296c9005250eb61e6a,feb,2021,heat,hold,Eden,697.4,699.7636363636364,699.7636363636364,20.0,True,False,False
ac8d3b9d4e92f38733e64c71d4b16c200556f064,feb,2021,heat,hold,Bowie,713.3754385964912,720.1964912280702,719.8666666666667,37.0,True,False,True
acd40c8b3cf1f68eda02ee1ee8fcbab5a6a7fe32,feb,2021,auto,hold,Baltimore,682.2043010752689,730.0268817204301,679.9516129032259,30.0,False,False,True
acd63b5aa4703dc0f7e91be7b5ab4e83667a806a,feb,2021,heat,hold,Silver Spring,722.0171673819742,722.1201716738198,722.0085836909872,0.0,True,False,True
ad3cd431abcfe195a432a49f3d11cc3daca1bf73,feb,2021,heat,hold,Odenton,719.2203856749311,720.6611570247934,720.6611570247934,20.0,False,False,False
ad89dca9d6bbb538e0389fbf9a1bcb2796b20d79,feb,2021,heat,hold,New Windsor,678.8906560636183,669.2067594433399,669.1153081510935,0.0,False,False,True
ad9aca30cb6a4e7c7f6cc16a0acb1eed26853bc1,feb,2021,heat,hold,Baltimore,722.8813559322034,719.6610169491526,719.6610169491526,70.0,False,False,False
ae1d45a4d4107ce45d0d4c25afc6aa1594372261,feb,2021,auto,hold,Upper Marlboro,747.4224259520452,830.0,750.0,18.0,False,False,False
ae1d45a4d4107ce45d0d4c25afc6aa1594372261,feb,2021,heat,hold,Upper Marlboro,767.1063122923588,770.0,770.0,18.0,False,False,False
ae781c99a787f4fa89e2cc3ecc7f0e565dfb02e7,feb,2021,auto,hold,Arnold,713.2602739726027,770.0,720.0,30.0,True,False,False
ae90ba9b4ea8196b3dbaff07e2c7184afc776efe,feb,2021,heat,hold,Odenton,696.8192644483363,697.185288966725,697.185288966725,0.0,False,False,False
aea1c593f7c80eae2c251f67b7ea2a00467c7efa,feb,2021,auto,hold,New Windsor,703.4285714285714,780.0,720.0,25.0,True,False,True
aed462ca67e984b50b39548db6be3be46c569ef3,feb,2021,heat,hold,Baltimore,680.2867602196461,680.3569249542404,680.3569249542404,105.0,False,False,False
af0f70bdb9551bb11a68ef4c7ea0eed54569787b,feb,2021,heat,hold,Rockville,706.5220883534137,704.0722891566265,704.0374832663989,30.0,False,False,False
af6863111f78f3faa6e68483c80dad83a7441aba,feb,2021,heat,hold,Fulton,641.4583333333334,652.5625,649.3958333333334,10.0,True,False,False
af9709bac19b0b1f303a0fed4d7f400545d11622,feb,2021,auto,hold,Hampstead,682.4933333333333,800.0,689.12,20.0,True,False,True
afcd3a7d140b6e4bd252b64e4a941d4bbde96d77,feb,2021,heat,hold,Severna Park,566.6412512218964,715.0058651026393,561.1153470185728,60.0,False,False,False
afdc52d5f7e1c80af445752a27fc1cc7acf4a89a,feb,2021,heat,hold,Frederick,688.456847360913,686.9222539229672,686.9222539229672,10.0,True,False,True
afe4910dd939c6e79292651d497a78d0cb6089ff,feb,2021,heat,hold,Point Of Rocks,724.5769230769231,730.0,730.0,10.0,True,False,False
afe6db242e7a69107eba01ddc447f4cb5c9b32fd,feb,2021,heat,hold,Laurel,648.375,704.0441176470588,704.1029411764706,15.0,False,False,True
affeec8c1e7af07545574486c50bc2bcf37a7844,feb,2021,heat,hold,Mount Airy,707.7083333333334,716.0,677.0833333333334,40.0,True,False,True
b03cab974155fab2e0249b2d46687f0327a49a76,feb,2021,heat,hold,Columbia,632.5859375,655.859375,646.609375,46.0,False,False,False
b053fcc4634867b229d73e03cd474fc9475d91cb,feb,2021,heat,hold,Baltimore,742.2250300842359,774.0529482551143,774.0529482551143,60.0,False,False,False
b07fcb78a6d10ac77c1598e26fd8576cd3f6766d,feb,2021,auto,hold,Columbia,704.4781704781705,747.8711018711019,697.8711018711019,40.0,True,False,True
b087bdb08be2c6a7a83defe38e3365fdd5b0c602,feb,2021,auto,hold,Annapolis,704.0361445783133,767.2048192771084,716.289156626506,5.0,False,False,True
b094a20a557368f448ccd83c107b507a3b7b45e6,feb,2021,heat,hold,Hanover,725.8990291262136,732.0776699029126,732.0776699029126,19.0,False,False,False
b0e0235bdefb4cebe6b92bf18377e888652cf12a,feb,2021,heat,hold,Ellicott City,642.7395833333334,650.0,650.0,0.0,False,False,False
b1161f50a616cb17b77967de5bb37ef1e507a1a3,feb,2021,heat,hold,Fulton,667.6736760124611,665.696261682243,665.5295950155763,5.0,False,False,False
b1589b1e107583981a8ef2a6ed78d727a67dfa4b,feb,2021,heat,hold,Arnold,676.5042735042736,680.0,680.0,27.0,True,False,True
b15d84ead060b62fa0c6822064db85fa647d0339,feb,2021,heat,hold,Arnold,688.4517045454545,690.0255681818181,690.0255681818181,5.0,True,False,True
b177f14637a149687f7c8ef3da6af4f639b51b25,feb,2021,heat,hold,Idlewylde,692.741935483871,700.0,695.0,90.0,False,False,True
b1c5c76cce134453c4b7842dab43584b7618b307,feb,2021,heat,hold,Forest Hill,679.2307692307693,687.0,687.0,20.0,False,False,False
b1ca6fc2368052f60b17ab4f7a8f97169bcfbb9d,feb,2021,heat,hold,Baltimore,725.7647058823529,730.0,730.0,0.0,False,False,False
b1d66db2d9fa8b18b8b0e6e03256d8faba68f1b6,feb,2021,auxHeatOnly,hold,Severn,648.2235915492957,650.0,650.0,18.0,False,False,True
b1fa850f03ddd6c934d5feb3943348b7a7bb9d31,feb,2021,heat,hold,Elkridge,712.948275862069,716.4827586206897,716.4827586206897,0.0,False,False,False
b26e12d511c342d55a1880789713568614be61d7,feb,2021,heat,hold,Columbia,700.9424157303371,703.314606741573,703.3623595505618,40.0,True,False,False
b31cf71e13dcf99771dfa9ed03baddfd124151ff,feb,2021,heat,hold,Frederick,677.5,650.0,650.0,27.0,False,False,False
b3a07d38f3c656dfc64ca57b2da595af139bbf2d,feb,2021,heat,hold,Ellicott City,676.6781609195402,685.0198537095089,684.9947753396029,20.0,False,False,False
b3a7c5310b664de71c74723e491ef91c76fadd08,feb,2021,heat,hold,Abingdon,702.9367088607595,705.379746835443,705.379746835443,0.0,False,False,True
b3d930907b0e04a6a0aaa2474b4850efdf0fb1f0,feb,2021,auto,hold,Silver Spring,683.1692307692308,700.0,680.0,0.0,True,False,False
b3fe823bae97ea2cc5d0b9e79178fe9c4dd01b8a,feb,2021,heat,hold,Owings Mills,676.2923076923076,680.0,670.0,0.0,True,False,False
b464d4f74363e1b045b28b02e0d2a5a07eca5628,feb,2021,heat,hold,South Laurel,637.4318181818181,640.0,640.0,65.0,False,False,False
b48a7fd1aeecbba560a62ce3b805c1ff70c8ab4b,feb,2021,heat,hold,Ellicott City,615.8464800678541,645.64631043257,610.6039016115352,38.0,True,False,True
b4d1a0862e907ea249c143d0ac2a84b4c18fdcac,feb,2021,heat,hold,Reisterstown,674.5486725663717,718.2212389380531,677.0,35.0,False,False,True
b4efa9f7d08cdf2d7249f57d91b637acdda30fe3,feb,2021,heat,hold,Essex,659.929292929293,671.1515151515151,669.89898989899,40.0,True,False,True
b5034ddaef92f7234e73acf542cc3f1eb1e3d652,feb,2021,heat,hold,Baltimore,689.031746031746,691.1904761904761,686.4285714285714,15.0,False,False,False
b53a7ea35912129acec64142a4d7ba628cef1a3c,feb,2021,auto,hold,Baltimore,677.875,780.0,680.0,10.0,False,False,False
b53a7ea35912129acec64142a4d7ba628cef1a3c,feb,2021,heat,hold,Baltimore,693.810975609756,700.3536585365854,700.140243902439,10.0,False,False,False
b54ef274efb88946ddf4c914f5f47576046ca71c,feb,2021,heat,hold,Baltimore,725.2325581395348,729.5348837209302,729.5348837209302,15.0,False,False,False
b558538c0920a6b286211fe5e36a9c404ae4dd20,feb,2021,heat,hold,Towson,746.5662393162393,743.8888888888889,743.8696581196581,60.0,True,False,False
b5b2f8a2f21b7e49e4833dde2e25f215316870b1,feb,2021,heat,hold,Parkville,685.7184210526316,690.0,690.0,85.0,False,False,False
b611f6985514ad4710f2de58ef59eaceaebaf9e1,feb,2021,heat,hold,Woodstock,716.8854166666666,720.0,720.0,10.0,False,False,False
b6277ca6e9febc4e150bbf441eaae13889cc3e05,feb,2021,heat,hold,Odenton,735.7083333333334,710.0,710.0,10.0,False,False,False
b659253477882c622cae97cc1306bb74e40bd6cb,feb,2021,heat,hold,North Beach,691.8840579710145,702.5072463768116,702.2028985507246,0.0,True,False,True
b66909330e5be73b2953df8f14f2fc14d4ae6bac,feb,2021,heat,hold,Baltimore,717.2755532139093,721.2233930453109,721.2233930453109,0.0,True,False,False
b67a4cae0aac718f92e9ea81ec912ade8a73fad2,feb,2021,auto,hold,Reisterstown,665.4117647058823,740.0,650.0,25.0,False,False,False
b68d5a1fbc4ba0c04971de1c47c032f4cd083637,feb,2021,heat,hold,Silver Spring,670.429406037001,700.0,670.7356377799416,5.0,False,False,False
b68db72683c2c066f90827226b70f4450d658dea,feb,2021,heat,hold,Hyattsville,713.5077519379845,719.5581395348837,719.5581395348837,69.0,False,False,False
b6a4d8a10e95979dce3c3d22d0fd08acd5dbb1bc,feb,2021,heat,hold,Waldorf,669.7177097203728,670.4900133155792,670.4900133155792,40.0,False,False,False
b6fc9d26daf48a37e6165d9e60489852d17642ad,feb,2021,auto,hold,Edgewater,669.5882500627667,743.4622144112478,671.7213155912629,49.0,True,False,True
b70acb820e8564822b09bfe9d542143153680c58,feb,2021,heat,hold,Poolesville,664.3404255319149,663.7446808510638,663.7446808510638,30.0,True,False,False
b737cf87daa34d89f0f5f68d31e14c5bd630bdaa,feb,2021,auto,hold,Upper Marlboro,695.0,750.0,700.0,0.0,True,False,False
b75df0a4feeb4ca1e9a7a628174b11519b34c5d6,feb,2021,cool,hold,Laurel,687.4285714285714,653.047619047619,653.047619047619,30.0,True,False,True
b75df0a4feeb4ca1e9a7a628174b11519b34c5d6,feb,2021,heat,hold,Laurel,703.2292123872227,705.0341380151183,705.0341380151183,30.0,True,False,True
b77bddff662a074f092b510532186030d16b24bd,feb,2021,heat,hold,Abingdon,702.2173144876325,704.6996466431095,703.7756183745583,0.0,False,False,False
b77e779e4e174a8a5f72ceb53db768317ca429d2,feb,2021,heat,hold,Ellicott City,640.7633365664403,658.7148399612028,642.9975751697381,10.0,False,False,False
b790cafe8be8e0246f069c0d095bcefc1a7bed72,feb,2021,heat,hold,Aberdeen,643.8888888888889,707.0,660.0,0.0,False,False,True
b82cb9115b2c36f387862cbf715b4c27ddf5e720,feb,2021,auto,hold,Waldorf,700.9619079165286,755.0,701.6743954951971,5.0,False,False,False
b839f8a35c7b9683f4835cb22ec737389aacaac5,feb,2021,heat,hold,La Plata,677.4738562091503,680.0,680.0,0.0,True,False,True
b84cbc85b7d9ec978cd4a608478bf9ead206a23f,feb,2021,heat,hold,Annapolis,691.0057142857142,703.6285714285714,691.52,57.0,True,False,True
b8f3ec6e0eede11293d0c94df9c6adb0e3113051,feb,2021,heat,hold,Leonardtown,668.6666666666666,670.0,670.0,5.0,False,False,False
b911de7673ece2fc29dc759dc086268eee342a4f,feb,2021,heat,hold,North East,701.1666666666666,710.875,709.625,20.0,False,False,False
b93584a2b70f8d06b82f6de88549cce4a5ceec00,feb,2021,heat,hold,Baltimore,677.5833333333334,680.0,680.0,0.0,False,False,False
b94d405232fda5420431feab58be6bdbccbdddba,feb,2021,heat,hold,Upper Marlboro,712.2562611806798,709.8260286225402,709.8260286225402,10.0,False,False,False
b96b3440a80bd9a751f9a3d11490bcafc5997e1b,feb,2021,heat,hold,Cumberland,707.3684210526316,711.0263157894736,711.0263157894736,25.0,False,False,False
b990e97a1347febf4cd45ed4a92bc3aa748a4bbc,feb,2021,heat,hold,Upper Marlboro,768.8031026252984,769.2315035799522,769.2315035799522,0.0,False,False,False
b9cec56c6ec4000374270b6838bcca8b109123e4,feb,2021,heat,hold,Davidsonville,687.6923076923077,690.0,690.0,0.0,False,False,False
b9d8147d47afa84a5857478af61560a5f55ac09c,feb,2021,heat,hold,Baltimore,663.3702313946217,667.6147592245153,667.6147592245153,90.0,False,False,False
ba62efb63154f379ab0d23f2e5537dd67f34fef9,feb,2021,auxHeatOnly,hold,Ellicott City,678.6579861111111,655.0,655.0,15.0,True,False,True
baabf35fefd9ce450c706634cef43dcd5628d71c,feb,2021,heat,hold,Catonsville,667.4822242479489,689.2670920692799,685.0,30.0,False,False,False
babe892edd08b2119b8ee89f5ff7a564b908a7f6,feb,2021,auto,hold,Elkton,729.7282608695652,785.0,735.0,0.0,False,False,True
baed29159432ff50f3e4ac691e088817fd7b4f2e,feb,2021,heat,hold,Riverdale Park,682.45,692.1,691.53125,70.0,False,False,False
bb27727b765232ad7a59e4a6dcfc4be2df94ca52,feb,2021,auto,hold,Lutherville Timonium,712.7335858585859,820.0,715.0,0.0,False,False,False
bb5ed3cccab2d3d058c6c42c97cebd9825c0a552,feb,2021,heat,hold,Baltimore,653.6402116402116,656.047619047619,649.7301587301587,90.0,False,False,False
bb9337f6ae4f2b6841b8259463286aec6bc7b67e,feb,2021,auxHeatOnly,hold,Darlington,717.9230769230769,720.0,719.9846153846154,0.0,False,False,True
bb9337f6ae4f2b6841b8259463286aec6bc7b67e,feb,2021,heat,hold,Darlington,714.9090909090909,720.0,720.0,0.0,False,False,True
bbb153b0b5c56ec3364800f36083e72d1451e272,feb,2021,heat,hold,Lanham,696.724358974359,676.8301282051282,676.6442307692307,5.0,False,False,False
bbd53e6af066bf4372ecaf6a3ecf1085c340b4c8,feb,2021,auto,hold,Waldorf,711.600073313783,765.0,715.0,29.0,True,False,True
bbddbe260bb7a797e63a938fb996ae5efde2f822,feb,2021,heat,hold,Earleville,707.863184079602,710.0,710.0,19.0,False,False,False
bbe5d79b4071698430128aea01123e1c2398a772,feb,2021,auto,hold,Baltimore,670.6569091691778,730.0,676.7339647008179,97.0,True,False,True
bbf48bf23c682e74780f22ddfe45436184174951,feb,2021,auto,hold,Annapolis,694.3316326530612,760.0,700.0,59.0,True,False,True
bc419dbc4465206e0766dc3eea144d16e3d3e54c,feb,2021,heat,hold,Glen Burnie,706.688608776844,707.077964519141,707.077964519141,0.0,False,False,False
bc47ea625b23fdbddea1478b70b102daae1bf93f,feb,2021,auto,hold,Bethesda,692.0735294117648,749.3382352941177,695.0,0.0,False,False,False
bc5c8f8aab80eda70cd04630bf0319b27019e27b,feb,2021,heat,hold,Westminster,575.3238095238095,650.0,569.4285714285714,5.0,False,False,False
bc74bcbb9ee340ca0ca38c2e226d9b22e5875c76,feb,2021,heat,hold,Rockville,693.1436464088398,702.0773480662983,701.3259668508288,60.0,False,False,False
bc96ec67e24e6f7f3d13224b7db40efcdf865d8d,feb,2021,auto,hold,Sykesville,656.7272727272727,741.8181818181819,685.9090909090909,35.0,False,False,True
bca839d9da4fe0df47754d506a96dfec14fbf381,feb,2021,heat,hold,Clarksville,669.1909090909091,670.0,670.0,20.0,False,False,False
bcc60d0ca2d0bae614c8620ca7997953dddb0465,feb,2021,heat,hold,Hanover,692.8048780487804,700.0,700.0,10.0,False,False,False
bcc657b0529cdae3a9935aff3bc7c7037ad8f058,feb,2021,auto,hold,Cockeysville,690.9090909090909,734.969696969697,694.969696969697,56.0,False,False,False
bcf24c55106e9f457cf396261581a4866ca81254,feb,2021,heat,hold,Severn,754.202416918429,759.9924471299094,759.9984894259819,17.0,True,False,True
bcf3d76a72f1d7a1d5e3542ae73ad59632cce595,feb,2021,heat,hold,Davidsonville,686.7037037037037,690.0,690.0,0.0,True,False,True
bd421037f95d75f72b55ca535be5862330d10392,feb,2021,heat,hold,Hampstead,686.1565505804311,690.0,690.0,45.0,False,False,True
bd771d6a12f597dcc6d35f1cef0a320aba663f7b,feb,2021,auto,hold,Lexington Park,716.6007711181213,769.782334384858,719.4248159831756,30.0,True,False,True
bdd9db9816e4fad66c0ce50d8d4591d23af0fd28,feb,2021,heat,hold,Bel Air North,677.7948916408669,679.7321981424149,679.6602167182663,0.0,True,False,False
bdee676c91162db9033d1923a76750fd5bc41581,feb,2021,heat,hold,Elkridge,702.6160140268848,707.6341320864991,707.6341320864991,0.0,True,False,True
bdf0370bd1ea97bcd8a90a854b9eaf475afe7a15,feb,2021,heat,hold,Baltimore,734.7333333333333,735.519298245614,735.4666666666667,0.0,False,False,False
be2ab9b40259c2ac874ac9dd9b925023f6984dea,feb,2021,heat,hold,Chevy Chase,737.0007010164738,740.0,740.0,68.0,False,False,False
be3b03cb8c011495e8cbfb9ae7add4fdaadc26a8,feb,2021,heat,hold,Baltimore,734.9865735767992,738.0639097744361,738.0639097744361,48.0,False,False,False
be3c89c8930d4bdae5bb262013c017bd1e05a1ea,feb,2021,heat,hold,Prince Frederick,721.3504273504274,729.8717948717949,729.8717948717949,0.0,True,False,True
be4635574daea90c1fc0f486347e163e80a1e00e,feb,2021,auto,hold,Hanover,668.1292922214436,777.1408549404345,668.9856341976174,0.0,False,False,False
be5709920e819aa85efd7f0566d4d147bb920d3f,feb,2021,heat,hold,??x9dxb0x9d,716.1372549019608,720.0,720.0,10.0,True,False,True
be7044b75f62d70de2ae1305cbad45971fe29160,feb,2021,heat,hold,Saint Michaels,694.4371584699453,713.7704918032787,713.7704918032787,45.0,True,False,True
be77538d848e07c02ddc015fde60802aa17ded12,feb,2021,auto,hold,Kensington,697.8205555555555,750.0,700.0,0.0,True,False,True
be840ddfe154cdbda36549b8f52141989f6a5c02,feb,2021,heat,hold,Huntingtown,734.8571428571429,757.1020408163265,756.5714285714286,50.0,False,False,True
bea254673faf39b19e75fbca4702da5134002b32,feb,2021,cool,hold,Fulton,684.9117647058823,687.2058823529412,687.2058823529412,0.0,False,False,False
bea254673faf39b19e75fbca4702da5134002b32,feb,2021,heat,hold,Fulton,714.8705882352941,714.8823529411765,714.8823529411765,0.0,False,False,False
bededa9be77f3c7a77a3162026f27027107fb2b1,feb,2021,heat,hold,Ellicott City,607.020030816641,650.0061633281972,610.0184899845917,30.0,True,False,True
bf5a6c9e43b9a388451ce83d9162f3461182dfc9,feb,2021,heat,hold,Towson,654.7674418604652,641.3953488372093,640.4651162790698,60.0,False,False,False
bf688e9ac34fefc8ad2fcdee72bd3b44b94b648a,feb,2021,heat,hold,Upper Marlboro,698.4666666666667,703.2,701.7,5.0,False,False,False
bff3ea06da1f4fd083ba763ba5a28fd65d3fd203,feb,2021,heat,hold,Towson,704.5367647058823,704.734243697479,704.734243697479,0.0,False,False,False
c02c2b6f49765a6d6df319e7b45b06842d611ad5,feb,2021,heat,hold,Laurel,669.0653018002118,671.5118249205789,671.5118249205789,20.0,False,False,True
c02f8262f881a0cdedbd3fe392aca8aad5b189c8,feb,2021,heat,hold,Brookeville,641.741304347826,648.158695652174,647.9739130434782,10.0,False,False,False
c090aaa91d77c12439cdf117e55bf334969137aa,feb,2021,heat,hold,Silver Spring,738.6166666666667,750.8444444444444,750.7833333333333,0.0,False,False,False
c0ab2929bce7092d13de8114cbe450841dac1c9c,feb,2021,heat,hold,Baltimore,698.8888888888889,705.1666666666666,698.1666666666666,0.0,False,False,False
c0e77b5ff732310a375ecf330aaeda4690f40cee,feb,2021,heat,hold,Rockville,713.4594594594595,720.4662162162163,719.4864864864865,50.0,False,False,False
c12d3d9182674bf90bff25802017ba0e936adf24,feb,2021,heat,hold,Gambrills,713.9090909090909,769.7373737373738,726.4646464646464,10.0,False,False,False
c136ac787c279f5ed1720c218956b420cdd5f6ac,feb,2021,auxHeatOnly,hold,Columbia,699.3962264150944,701.1320754716982,701.1320754716982,30.0,False,False,True
c136ac787c279f5ed1720c218956b420cdd5f6ac,feb,2021,heat,hold,Columbia,692.3566098081023,704.1060767590618,704.1055437100213,30.0,False,False,True
c159cb325639325acf4b7449cedcac39b5724c69,feb,2021,auto,hold,Silver Spring,683.9965846994536,776.0,686.0,60.0,False,False,False
c193ea653c25f5281f982442a4caa3df1d0dd382,feb,2021,heat,hold,Elkridge,740.9127540294323,743.311492641906,743.311492641906,9.0,False,False,False
c1b98810163697eb8c54008bf60b380da3e1257c,feb,2021,auto,hold,Sparrows Point,683.9354838709677,740.0,690.0,0.0,False,False,False
c24e6e0c562212ff8c5ca8c11f615e8c1721e54d,feb,2021,auto,hold,Annapolis,686.8571428571429,746.1904761904761,702.2380952380952,0.0,False,False,True
c27850fdade3179fab7a47e4ac726c7792a9cd33,feb,2021,heat,hold,Cumberland,630.9563025210084,678.0840336134454,624.9915966386554,50.0,False,False,False
c2a2004be5ca1eb092439f283dcd8c59aa320443,feb,2021,auxHeatOnly,hold,Chester,708.8140495867768,710.6570247933885,710.6570247933885,20.0,False,False,False
c2a2004be5ca1eb092439f283dcd8c59aa320443,feb,2021,heat,hold,Chester,705.9347150259067,716.5031088082901,716.5031088082901,20.0,False,False,False
c2a25af975ae998b53fad87c9f8a9ae7617590f4,feb,2021,heat,hold,Bethesda,730.5677083333334,740.2135416666666,739.6354166666666,40.0,False,False,False
c2a9e41ada1c96f1a80f1d063f34f13521651270,feb,2021,heat,hold,Baltimore,688.7727272727273,755.5151515151515,689.7575757575758,120.0,False,False,True
c2af9917453a78a87c7442773475428b935ce40e,feb,2021,auto,hold,Lexington Park,731.4074074074074,750.0,730.0,15.0,False,False,False
c2bfa814d01990761ef9b865f5468e2591146414,feb,2021,heat,hold,Abingdon,666.6507537688442,666.1381909547739,666.1394472361809,27.0,False,False,False
c2d66ba5417dabeca4de57a7f24f4997c5273afb,feb,2021,auto,hold,Pikesville,681.2671232876712,800.0,685.486301369863,60.0,False,False,False
c2eabf079a3970ec54e00be9059a56696d610aad,feb,2021,heat,hold,McHenry,689.1714285714286,697.7142857142857,697.7142857142857,5.0,True,False,False
c3033f089e06da9232840d0ac164ec11877f6b56,feb,2021,heat,hold,Millersville,698.2175893482831,700.7372109320253,700.7372109320253,30.0,True,False,False
c312970c0f7737f9874e85d3c5a5b3af9fe9861c,feb,2021,heat,hold,Waldorf,727.5611979166666,729.6827256944445,729.6770833333334,65.0,True,False,False
c33b2058997023c98cdc073b77f4558bf687a002,feb,2021,heat,hold,Ellicott City,690.2395833333334,662.796875,662.4479166666666,15.0,False,False,False
c383a8df41824f0ecb6ac245c6092a58dc60fedf,feb,2021,auto,hold,Clarksburg,704.0492196878752,757.3925570228091,707.3925570228091,10.0,False,False,False
c38a4e56ace7af731dece3db2d08f941aac51d83,feb,2021,auto,hold,Pikesville,687.4904815229563,810.0,688.11758118701,0.0,True,False,False
c3c0dade85312a91b85b930205c5a66b3c117e1e,feb,2021,auto,hold,California,679.6111111111111,786.0,686.0,20.0,True,False,True
c43fe5bb8ad78414cad4aede2642dfcd7acc68fc,feb,2021,heat,hold,Rockville,725.1342465753424,730.5068493150685,730.4876712328767,9.0,False,False,True
c472be9701730904bfe5ac070aaa7325ff6c7a44,feb,2021,heat,hold,Perry Hall,711.0661971830986,706.6901408450705,706.6901408450705,0.0,True,False,True
c4b2cfe305450235ea8d7d7bc1ad4333ba12ceb9,feb,2021,heat,hold,Aberdeen,716.7317073170732,719.219512195122,719.219512195122,18.0,False,False,False
c4b47c3e6869eb4e1bab2e8f14f322fb6c086d0e,feb,2021,heat,hold,Sykesville,717.8269230769231,720.0,720.0,40.0,False,False,False
c4bc115123a378d9dd7f3e509d74684b75e7a966,feb,2021,heat,hold,Bowie,754.6216216216217,760.0,759.8378378378378,18.0,False,False,False
c507596edad280a8f37be8f8bacdab6715fb72d3,feb,2021,heat,hold,Hanover,734.1952380952381,740.9428571428572,740.302380952381,8.0,False,False,False
c556e65f6329f106dbc67182b222ae3993bceef9,feb,2021,heat,hold,Poolesville,687.9661016949152,690.8079096045198,689.9039548022599,5.0,False,False,False
c56ab9e03f21de68c49d4ca5278c69c334be055b,feb,2021,auxHeatOnly,hold,Boonsboro,695.7083333333334,720.125,719.9166666666666,60.0,True,False,True
c56ab9e03f21de68c49d4ca5278c69c334be055b,feb,2021,heat,hold,Boonsboro,697.875,735.0,734.5416666666666,60.0,True,False,True
c59dcf7b58619c75b7b6b77296cea804b34fe129,feb,2021,auto,hold,Frederick,685.9509803921569,758.4803921568628,689.5588235294117,0.0,False,False,True
c59efe7b24e015c6d29e388c9580ed7186cc0155,feb,2021,heat,hold,Baltimore,709.4,705.6916666666667,705.175,90.0,True,False,False
c5ad4063438b0d7381e3dc4793739f3f3d5b9f9f,feb,2021,heat,hold,Hampstead,693.0714285714286,698.5014880952381,698.4508928571429,30.0,True,False,True
c5af6a609944a782c916591f9f183f441637d8fa,feb,2021,heat,hold,Perry Hall,646.2638376383763,641.0147601476015,641.0147601476015,10.0,False,False,False
c5d73db56b99a6e4edca0c3f5581cdf728bacd09,feb,2021,heat,hold,Crownsville,705.4173682944431,710.4609093095983,710.4609093095983,9.0,True,False,True
c5f8b602e0b80f91043201e03a8181daea9f76aa,feb,2021,heat,hold,Bethesda,685.151924375422,691.0263335584065,691.0263335584065,76.0,False,False,False
c6369abfa4a8dbbecec6cc5a0712c8631e3626fe,feb,2021,heat,hold,Bowie,746.7892156862745,750.0,750.0,0.0,True,False,True
c65e98c45238bb85b24823e56df7b801f663a7d9,feb,2021,auxHeatOnly,hold,Chesapeake Beach,694.3651006711409,695.792841163311,695.792841163311,20.0,True,False,True
c67128f01cde3da0cf4e43833edd6b87cb4790f4,feb,2021,heat,hold,Marriottsville,652.6607142857143,652.8571428571429,652.8571428571429,15.0,True,False,True
c686162ab1957a3adcd755989593c8f04a249293,feb,2021,heat,hold,Baltimore,679.75,700.0,700.0,70.0,False,False,False
c696a900993cdf50fc9fa28cfded047e6d7ef6db,feb,2021,heat,hold,Silver Spring,707.34375,714.80859375,714.7734375,80.0,False,False,False
c6af09c392cab32e38b7777ea47b6303b137b68c,feb,2021,heat,hold,Perry Hall,716.881124497992,720.0,720.0,10.0,False,False,False
c6c7d1fb137ba22c333a575074e66439033e26aa,feb,2021,heat,hold,Perry Hall,673.8636363636364,667.7727272727273,666.5909090909091,0.0,False,False,False
c6dabb7cd02b0bae3536f82c89df1794c187a9cf,feb,2021,heat,hold,Frederick,682.5,690.75,689.9166666666666,15.0,False,False,False
c6e8802c706967a31eb83b6d52d37dc5760447b5,feb,2021,heat,hold,Germantown,738.4295532646048,739.3012600229096,739.3012600229096,25.0,False,False,False
c773982bc34987c654929984bb877e9676c9936a,feb,2021,heat,hold,Linthicum,701.9166666666666,710.3333333333334,708.6666666666666,70.0,False,False,False
c7752f66d37c04d8ffcf9b27a6d2ebfafcbc79ba,feb,2021,auto,hold,Baltimore,780.4341463414634,815.0,785.0,0.0,True,False,True
c7a10c17fbf68078f86c715d8ff4dbdaaa62552a,feb,2021,auto,hold,Hanover,680.2439024390244,760.0,688.6951219512196,0.0,True,False,True
c7c842a313f5f341618b8b6cb78389af00be4bdf,feb,2021,heat,hold,Laurel,725.9188467698879,737.7581420181527,737.7608115323011,37.0,False,False,True
c7ced9b0c02316df93134dfd63e6d90b0c981016,feb,2021,heat,hold,Baltimore,681.9620253164557,674.0253164556962,673.1645569620254,50.0,True,False,False
c7e21cf3eec70d3d183c3cac8cd12b40976a15e1,feb,2021,auto,hold,College Park,702.7435344827586,771.8771551724138,708.1336206896551,50.0,False,False,False
c7f0a653ad06f67e4d59219cd958e58f4f1c990c,feb,2021,auto,hold,Oakland,702.5137906647808,740.8065770862801,687.1287128712871,0.0,False,False,False
c8fe35fcf1e83ef1f2adf9268372d746853c2171,feb,2021,heat,hold,Bethesda,660.4585607940446,659.4362282878412,657.5002481389578,76.0,False,False,False
c95e7af960eadfae28328156ff60f7cec4762773,feb,2021,heat,hold,Perry Hall,660.815274151436,659.5182767624021,659.5182767624021,15.0,False,False,False
c967ab2a26df7c97115ec444d6617ffbc0b6a9e2,feb,2021,heat,hold,Lutherville Timonium,703.8342245989305,712.4705882352941,711.1336898395722,50.0,False,False,False
c99f97d83582d2432d954ad92452490b5a5d5183,feb,2021,heat,hold,Lutherville Timonium,707.5,710.0,710.0,50.0,False,False,False
c99fc3b6a92853037b378446804a370be4572e0b,feb,2021,auto,hold,Clarksburg,690.5126050420168,728.0042016806723,678.0042016806723,16.0,False,False,True
c9b112e4d6d5f199ea5c8b239546adc74d4c3e8e,feb,2021,heat,hold,Hyattsville,754.4211332312404,754.0283307810107,753.9992343032159,0.0,False,False,False
c9e1b41ae520da875f2b5a4948b9ef0f58686326,feb,2021,heat,hold,Forest Hill,745.7826086956521,750.1086956521739,749.9347826086956,5.0,True,False,False
ca007f3d4a93840cb092fcfd190255287ed638cc,feb,2021,heat,hold,Ellicott City,676.4573913043479,695.96,676.0226086956521,0.0,False,False,False
ca0b4735b41afef43d0d0a72a9adfc7ad4581518,feb,2021,auto,hold,Dundalk,698.8955223880597,764.9402985074627,704.9402985074627,5.0,True,False,True
ca56cbe683d7508cca18747d0b5b94e4dc51bda4,feb,2021,heat,hold,Elkridge,697.5865607414763,693.8728897715988,693.8728897715988,0.0,False,False,True
cb9ae8745c385c6a46b5f595c6bc184dbbcb9486,feb,2021,heat,hold,Cambridge,662.3062015503876,663.7209302325581,663.7209302325581,30.0,True,False,True
cbb39679b578a328dfcb37cac85a74569c9d5a64,feb,2021,heat,hold,Centreville,636.8019230769231,650.0,634.4423076923077,110.0,True,False,True
cbb925e37d4b223904b178fb00c98769e0ab156c,feb,2021,heat,hold,Lusby,680.5573147561748,682.7732742241925,682.7732742241925,57.0,True,False,True
cc03e03cf84532e5636c9b34549c31178ef069c6,feb,2021,heat,hold,Perry Hall,703.7406855439642,781.080476900149,707.4217585692995,0.0,True,False,False
cc0ae60a71c0829665143694aa4383d9ecb8a404,feb,2021,cool,hold,Owings Mills,746.3695014662757,752.375366568915,752.0087976539589,0.0,False,False,False
cc0ae60a71c0829665143694aa4383d9ecb8a404,feb,2021,heat,hold,Owings Mills,738.1544117647059,788.1397058823529,785.4264705882352,0.0,False,False,False
cc289714859cc0e132885135d514b3c8a216c2c4,feb,2021,heat,hold,Severna Park,718.6839134524929,720.0206961429915,719.9858889934148,5.0,False,False,True
cc4abe9f89d5baf43d31be1234a336ebdae403ec,feb,2021,auxHeatOnly,hold,Abingdon,710.6128048780488,714.204268292683,713.814024390244,20.0,False,False,True
cc578cfe1d08ddb4afa05bd352b793830c7db1cb,feb,2021,heat,hold,Severn,663.0926928281461,663.5893098782138,663.5893098782138,0.0,False,False,False
cc70f5c8de63bed979ff8ca6d77f168e6d8938c3,feb,2021,auto,hold,Millersville,660.25,770.0,700.0,0.0,True,False,False
cc84be0e3ae6c2570e2812fb0d7c985c24139f97,feb,2021,heat,hold,BALTIMORE,732.4800498753117,735.5822942643391,735.5822942643391,0.0,True,False,False
cc90c7e004b3217073aba338f9afe2da4f94a1c0,feb,2021,heat,hold,Pasadena,728.16,732.91,731.98,30.0,True,False,True
cc997b95ff30a1a44c93bd421cd58b288cb3947a,feb,2021,heat,hold,Hyattsville,704.0770089285714,700.0022321428571,700.0022321428571,0.0,False,False,False
cca2424fffd43285446532c20de05744ee11ef96,feb,2021,heat,hold,Lexington Park,698.8250980392157,699.793725490196,699.793725490196,9.0,True,False,False
ccb806e914bac51562c0966be80b4c1a71532d92,feb,2021,heat,hold,Bel Air,699.7446808510638,699.8978723404256,699.8978723404256,5.0,False,False,False
ccc7306d0cff36d2a3c94ae8f6793dd23f2d97b9,feb,2021,heat,hold,Laurel,698.4900159744409,697.1317891373802,697.1317891373802,0.0,True,False,True
cce3bad3171681a8a822f86fae6dec0114b65f0b,feb,2021,heat,hold,Olney,699.5,718.625,716.0416666666666,48.0,False,False,False
cce64203ee624a0af33158b6a7ea0bd57fe7c259,feb,2021,auto,hold,Lutherville Timonium,690.0997899159664,750.0,690.0,10.0,False,False,False
ccff7accb383a29d3f08e49ff3c92cdc31af8770,feb,2021,heat,hold,Baltimore,658.0,695.0,695.0,20.0,False,False,False
cd09940163a4199aec2505ad4ae6b57ab9a54c56,feb,2021,auto,hold,Woodstock,708.1286057692307,757.6778846153846,706.9525240384615,18.0,True,False,False
cd09940163a4199aec2505ad4ae6b57ab9a54c56,feb,2021,heat,hold,Woodstock,721.4560031286665,726.6554556120453,725.0234649980446,18.0,True,False,False
cd1990c6fa823d23e36981062a3e28ac9070fc27,feb,2021,heat,hold,Ellicott City,687.9166666666666,691.5833333333334,689.75,10.0,False,False,False
cd301984d9bce09f61fdcbad699a027c9fcfd501,feb,2021,heat,hold,University Park,666.5255319148936,667.4585106382979,667.4585106382979,75.0,False,False,False
cdb615fe8869055eef95779f0ff15110b47ba93b,feb,2021,heat,hold,Baltimore,734.1865642994242,748.0706333973128,748.0706333973128,120.0,False,False,False
cdcbe36ff8462fb73d98357a41ada3d5e47b09dc,feb,2021,auto,hold,Baltimore,624.2820512820513,751.2307692307693,626.0854700854701,0.0,False,False,False
cdcbe36ff8462fb73d98357a41ada3d5e47b09dc,feb,2021,heat,hold,Baltimore,619.3,702.4,618.4,0.0,False,False,False
ce4458fc8be77ef6d4c8bd8c4272c65bde6f9525,feb,2021,heat,hold,Annapolis,685.6948717948718,676.0940170940171,676.0940170940171,10.0,False,False,False
ce88603bad5b31c9b886bbe6589b3ac3cfbb40e1,feb,2021,heat,hold,Prince Frederick,652.656862745098,651.8300653594771,651.8496732026143,0.0,False,False,True
ce9c4288a207a446bd2d7b8ee14640d3ac705977,feb,2021,heat,hold,Baltimore,656.5098039215686,674.3921568627451,545.5196078431372,0.0,True,False,False
cee7a1350440225e17089f48ba56c9340f78a77e,feb,2021,auto,hold,Elkton,687.2118226600985,770.0,689.9901477832512,0.0,True,False,False
cf3734bc77285889b6b0ec298ee4cb885e3c89aa,feb,2021,auto,hold,Odenton,721.320707070707,779.3181818181819,724.8232323232323,30.0,True,False,True
cf3f1d6b3ffad956194c87e67ae7e17c2ddbb90d,feb,2021,heat,hold,Glen Arm,687.5625468164794,690.0,690.0,0.0,False,False,False
cf522cd6bd1be265edaf5106bef9f53cb5b97f60,feb,2021,auto,hold,Hyattsville,729.1619047619048,790.0,731.8428571428572,8.0,False,False,False
cfa4ae09676ac45917ee57bbe5cbbc9fb56f584f,feb,2021,heat,hold,Annapolis,686.1615359152598,700.0,700.0,30.0,False,False,False
cfab2c42e966122a3365a42a6620608d6c6b1b4b,feb,2021,heat,hold,Parkville,686.5,684.7058823529412,684.7058823529412,58.0,False,False,False
cfe81d60680a7926933cc2c93e916de919704b31,feb,2021,auto,hold,Parkville,661.0666666666667,760.0,658.8,60.0,True,False,False
d02180967299a496a37e1a8cecf69846f52081e2,feb,2021,heat,hold,Frederick,652.5791832669323,660.0303784860557,660.027390438247,30.0,True,False,True
d037ac5f6cc1591a4e6f6ef0e5a7f3833a868de5,feb,2021,heat,hold,Elkridge,707.9887640449438,711.876404494382,711.876404494382,27.0,False,False,False
d038bf261eaea622fadee33c6159750b51f5c3e8,feb,2021,auto,hold,Severn,663.0115546218487,755.0,665.0,18.0,False,False,False
d056bd62de621704d631d3529c86ec99f915e9d0,feb,2021,auto,hold,Ellicott City,685.9096774193548,770.0,674.4193548387096,39.0,True,False,True
d066e2195cf97e02a8ab9d688cf6090b059c5933,feb,2021,heat,hold,Baltimore,684.5674157303371,685.5128410914928,685.5184590690209,75.0,False,False,False
d07dd0767c63627f2cccf2163eb1fdf257f5280c,feb,2021,heat,hold,Havre de Grace,678.5910364145658,682.4677871148459,682.4677871148459,10.0,True,False,False
d0a28c7f329cf3719879a60b43b2890a8c38ad21,feb,2021,auto,hold,Westminster,720.5924903368305,773.7045831032578,723.1805632247377,0.0,False,False,False
d0a8a05bba1cda4acba24b23e61647b62a080886,feb,2021,heat,hold,Middle River,750.4875896304468,740.453943739658,740.453943739658,0.0,False,False,False
d0d17dbf2c5ba01e5dff0ef5b8a2e455697d356b,feb,2021,heat,hold,Baltimore,692.3629032258065,697.3548387096774,695.4435483870968,0.0,False,False,False
d12229c1abe75cacab9c00759afa79f5cf79a32f,feb,2021,auto,hold,Annapolis,679.6866359447005,752.3364055299539,686.7235023041475,20.0,False,False,True
d12229c1abe75cacab9c00759afa79f5cf79a32f,feb,2021,heat,hold,Annapolis,684.7490247074122,690.0305591677503,689.9804941482445,20.0,False,False,True
d12699330b6ff5a37ab0cca0f01f92ad0c001713,feb,2021,auto,hold,Bowie,727.8954248366013,752.9084967320262,731.2745098039215,57.0,False,False,False
d12bb93349f6beda4755fa9b26d9d5582b1c72a4,feb,2021,heat,hold,Damascus,742.4857142857143,750.0,750.0,20.0,True,False,False
d13221b8201e421a5d3ab28d4568d1d0590bd95a,feb,2021,heat,hold,Frederick,717.9814385150812,721.5104408352669,721.0348027842227,10.0,False,False,False
d17d0646944a6ba9ff238268737f5cb675854249,feb,2021,heat,hold,Brandywine,675.6222222222223,671.7777777777778,671.7777777777778,0.0,False,False,False
d197fd24fb21a0f01f00eda7f3347cee281fbabc,feb,2021,auto,hold,Rockville,694.25,780.0,700.0,35.0,False,False,False
d1ab95bce91ad65a96fc9eeec78c42474ea3fc33,feb,2021,heat,hold,Silver Spring,725.2380952380952,730.0,730.0,60.0,False,False,False
d1d0bc96079ecb56d9f0a86a11b0aa16a8f3e0ba,feb,2021,heat,hold,Baltimore,699.9076923076923,700.5461538461539,700.5461538461539,100.0,False,False,False
d2052f637dda86edc66a8d7563a5cb4ff89b05b1,feb,2021,heat,hold,Pasadena,625.5776892430279,636.3784860557769,636.3784860557769,0.0,True,False,True
d24beb64e42d23f9bc26c68b9f932f638922e624,feb,2021,auto,hold,Hanover,697.9873417721519,762.8037974683544,704.4746835443038,0.0,True,False,False
d25138277d76b21b188077472b1aa154fe7b4c0e,feb,2021,heat,hold,Upperco,684.8554655870445,673.148987854251,673.148987854251,0.0,False,False,True
d2a49f03c1f33dac9b0281d6f08c1fc6c7b1a85a,feb,2021,auto,hold,Baltimore,710.5,738.0,706.0,95.0,True,False,True
d2a49f03c1f33dac9b0281d6f08c1fc6c7b1a85a,feb,2021,auxHeatOnly,hold,Baltimore,681.5714285714286,680.0,680.0,95.0,True,False,True
d2a49f03c1f33dac9b0281d6f08c1fc6c7b1a85a,feb,2021,heat,hold,Baltimore,696.6307692307693,703.2403846153846,703.2403846153846,95.0,True,False,True
d2a772486e45af116e8b66ff9aeb601df08e34ca,feb,2021,heat,hold,Hyattsville,720.0952380952381,730.0,730.0,65.0,False,False,False
d2c18035ec42ffb7b87d7538c87f3d0cd342cac0,feb,2021,heat,hold,Ellicott City,666.1811594202899,680.0,680.0,98.0,True,False,True
d2e4557c964a951bb57d2ed10239a9ac559188ab,feb,2021,heat,hold,La Plata,663.5453431372549,680.0,680.0,9.0,False,False,True
d2f40c0e3c0ddfbecb5b712c576570bb5476c435,feb,2021,auto,hold,Clarksville,721.3104838709677,795.0,725.0,10.0,True,False,True
d2f40c0e3c0ddfbecb5b712c576570bb5476c435,feb,2021,heat,hold,Clarksville,693.7199630314233,695.0,695.0,10.0,True,False,True
d2fc28f56dc5b607addcb451b1ce323449c26939,feb,2021,auto,hold,Baltimore,592.444262295082,658.5262295081967,593.2360655737705,0.0,False,False,False
d2fc31c50d6b4ccc71c1b338ef220df8121af13f,feb,2021,heat,hold,Upper Marlboro,738.8984126984127,740.2349206349206,740.2349206349206,0.0,False,False,False
d329af75f7f182327d63d7c0f70457425a42cf46,feb,2021,auto,hold,Baltimore ,705.9872659176029,760.4838951310861,702.9288389513108,5.0,True,False,True
d3432e7c7ec4906961f433d9d2d9c5a279aa7d62,feb,2021,heat,hold,Glen Burnie,683.7910447761194,688.8059701492538,688.8059701492538,10.0,False,False,False
d34ffc952299305d7a1d4dec3244df3fa0cf7031,feb,2021,heat,hold,Baltimore,696.286296484972,700.0,700.0,70.0,False,False,False
d3974527c3022482e01b75a607da173957ba8181,feb,2021,auto,hold,Halethorpe,700.6843971631206,754.0,704.0,0.0,False,False,False
d3a194f0b7b67c1c2fe41f57dce2034612ee6ff1,feb,2021,heat,hold,Parkville,703.8758553274682,710.7302052785924,710.7302052785924,25.0,True,False,True
d3be5737b0318c857eb765d95b9614179f1a95dd,feb,2021,auto,hold,Baltimore,693.535472972973,780.0,700.0,5.0,False,False,False
d3bf7911f7a4b9589686c2b2a13b640b13a2a341,feb,2021,heat,hold,Boyds,694.9925373134329,697.5866500829187,697.5862354892206,9.0,False,False,False
d3dc288fb39b0cff8fcd91b55cd933e874b2398b,feb,2021,auto,hold,New Carrollton,714.1335403726708,826.7080745341615,725.1552795031056,60.0,False,False,False
d3f1927bca67456ad1439a1fa05f12cdae5428eb,feb,2021,heat,hold,Columbia,684.8053691275168,688.1577181208054,688.1577181208054,20.0,True,False,False
d3f98d33254a600f2c7dcc2808461e336c674cc3,feb,2021,auto,hold,Baltimore,714.6521739130435,768.0,718.0,5.0,False,False,False
d41c626233497f25dcbcef6c46ae2494b5052311,feb,2021,heat,hold,North Beach,712.3020833333334,720.0,720.0,70.0,True,False,True
d43ca71eff386803df448a0f9dea79a97051a802,feb,2021,heat,hold,Owings,653.0,669.0,651.8,10.0,True,False,True
d44f08d1749d8584d060b94ed17989ef93bc39fc,feb,2021,heat,hold,Kensington,676.0581501831501,678.9285714285714,678.9285714285714,50.0,True,False,False
d44f933d23e3eb8d3459563b70bf53ff7d9fff2e,feb,2021,heat,hold,Clarksville,683.03125,682.6041666666666,681.0,10.0,True,False,True
d49fab9ffe9c92fb8f83e2b8a2fb4a1cbfdad5ed,feb,2021,auto,hold,Nottingham,678.771812080537,750.0,680.0,50.0,False,False,False
d4af697e2fd255502207c1da76cbafe782753c38,feb,2021,auto,hold,California,715.0933333333334,778.0,718.0,19.0,True,False,False
d4c2325dea18f70cb5a297ca50111a66b476b7de,feb,2021,auto,hold,Glen Burnie,743.1838028169014,803.7792253521127,752.7580985915492,35.0,False,False,True
d4cf37445987fb86dea020333ae08b4d6a712e44,feb,2021,heat,hold,Westminster,709.1042230644288,710.0,710.0,10.0,False,False,False
d4d6e266aeb95e31b152e611e368d14344ecbbf4,feb,2021,auto,hold,Frederick,654.2543859649123,718.1578947368421,658.8654970760234,0.0,True,False,True
d51092804dac4b3704eb1667ea27fd9375e8b966,feb,2021,heat,hold,Westminster,663.3554502369668,670.1895734597157,669.8483412322275,30.0,True,False,True
d53b479253bff8fb71a9d59d28ef326899ca112c,feb,2021,heat,hold,Baltimore,695.5254988913525,698.8226164079823,698.8226164079823,90.0,True,False,False
d5553bb4a62e5bc0bf378befc835fe4fc569d632,feb,2021,heat,hold,Germantown,667.9166666666666,660.25,660.0416666666666,30.0,True,False,True
d5c2addf5787af51dbc52d7e6cbd1361959c58e8,feb,2021,heat,hold,Baltimore,639.981697171381,650.8985024958403,590.1497504159734,99.0,False,False,False
d5eb35a048f322c9da707e8f8d34ff262c5413c0,feb,2021,auto,hold,Woodbine,716.3394018205462,770.5656697009102,720.5331599479844,0.0,True,False,False
d648a4a2ab38dec210c19903a71dd1e6f96e2c89,feb,2021,auto,hold,Mount Airy,691.6240325865581,850.0,685.8932790224032,5.0,False,False,False
d69ff170ff1157863f4fe92a8b291deb1e7d6774,feb,2021,heat,hold,Elkridge,696.5550181378477,699.4727932285368,699.4727932285368,20.0,True,False,True
d707f189ea0d1829218d563992de8bfa046e0e61,feb,2021,auto,hold,Dunkirk,672.2439024390244,742.1951219512196,684.3170731707318,0.0,True,False,True
d78debfda99ad8c6ca49bc6645e4fb467df77129,feb,2021,heat,hold,Middle River,668.3312883435583,670.0,670.0,0.0,False,False,False
d7903b003f0be4b959f9bfb2fa704164466f5856,feb,2021,heat,hold,Frederick,718.9406175771971,716.4655581947743,716.4655581947743,10.0,False,False,False
d796654e8be2ba59810d04860cd95f93e013a244,feb,2021,auto,hold,Gaithersburg,693.3409961685824,744.639846743295,694.639846743295,15.0,False,False,False
d79b07e5a1e98e296e198623993cbf96344d7e60,feb,2021,heat,hold,Middletown,692.5231316725979,692.8113879003558,692.8113879003558,0.0,False,False,False
d7adf178ffec93e73ec08e8ce4e5a73d68385508,feb,2021,heat,hold,Owings Mills,714.7724288840262,717.4835886214443,717.4835886214443,10.0,False,False,False
d7b799224275bcc19a40f33a056ac267ab264ebb,feb,2021,heat,hold,Severn,656.6666666666666,663.3333333333334,643.3333333333334,48.0,False,False,False
d816f21bfdfde0e64ad3c88c6cf08ab72f214635,feb,2021,auto,hold,Lexington Park,737.4422990570274,787.7328244274809,741.7058823529412,20.0,False,False,False
d81d173a1a0e1b518afd3352f65b09143d98aaf9,feb,2021,heat,hold,Windsor Mill,696.4836272040302,790.0,790.0,30.0,False,False,False
d8223817a3394e3eacf7b828bf9ef4ff10fd81cc,feb,2021,heat,hold,Westminster,702.9151785714286,706.875,706.875,10.0,False,False,True
d864e2aff4be41b4a7c9b2c2667efda5583dc5f6,feb,2021,heat,hold,Phoenix,682.2259615384615,686.3894230769231,685.6971153846154,30.0,True,False,True
d882d605091b2b4be00591a57a964d9f907c8d00,feb,2021,heat,hold,Rising Sun,708.468619246862,700.0,700.0,40.0,False,False,True
d8a01ad30bad3ccae45f708d144c95706befc1e0,feb,2021,heat,hold,Towson,702.8085106382979,702.531914893617,702.531914893617,50.0,True,False,True
d8b74725127f42d15f9f9ca104979333f6e0488a,feb,2021,heat,hold,Waldorf,791.0378378378379,794.9333333333333,795.1711711711712,30.0,True,False,True
d8b79038f9e09b687b9f779d698c53f68f7a09e6,feb,2021,heat,hold,Bowie,717.7894736842105,721.9716599190283,721.9716599190283,10.0,False,False,False
d8d546521932a23ba1ea20fb2784cc5009336775,feb,2021,heat,hold,Chesapeake Beach,770.4444187658886,773.2960480702566,773.2960480702566,38.0,False,False,True
d8e9b690397e93d92b5ef8ebe03512b4bc4b2b67,feb,2021,heat,hold,Chesapeake Beach,709.15,728.05,727.83125,17.0,False,False,True
d97883260d1e48d7adfa765b035792fa5f0cf3c1,feb,2021,heat,hold,Centreville,638.8303571428571,655.9821428571429,640.6696428571429,105.0,True,False,False
d9d9b5f061299a7e4e8a28a6d51715e530272b71,feb,2021,heat,hold,Catonsville,712.9143356643357,716.479020979021,716.479020979021,0.0,True,False,True
d9e28547af17df5d888477092de36813b63918f5,feb,2021,heat,hold,Glen Burnie,720.9473684210526,726.6761819803746,726.6761819803746,0.0,False,False,False
d9f489f34e822917658c4f81f60dc0daaf22fec3,feb,2021,heat,hold,Ellicott City,697.339973439575,700.0,700.0,15.0,False,False,False
d9f805f94d143aad3c6d2c35278661146f257fe4,feb,2021,auto,hold,Dayton,666.2841000807102,740.0,670.0,5.0,False,False,True
da00bf4941c8ba2c5168bb15d7ea9d4ac6e2a29b,feb,2021,heat,hold,Damascus,753.1272189349113,741.3224852071006,741.1153846153846,5.0,False,False,False
da19e55b8db85269fcbc785a2442dd81b56b918e,feb,2021,heat,hold,Upper Marlboro,746.4665539724704,750.0,750.0,18.0,False,False,False
da7bf4deb3f21bd44a399484a2d544a63d0c31e6,feb,2021,heat,hold,Beltsville,678.0515280739162,680.5053304904051,680.5060412224591,0.0,False,False,False
dad1679df3d6bb212281a75062491af0f0e9e9c2,feb,2021,heat,hold,Baltimore,734.0766961651917,734.9616519174041,734.5457227138643,99.0,False,False,False
db532e3a27a11470e3194ad5e29fc1e2cd4acacd,feb,2021,heat,hold,Jessup,683.3333333333334,680.0,680.0,0.0,False,False,False
db6fc49724267bd6eef49d5b3ae8c667b22c30fa,feb,2021,auto,hold,Forest Hill,688.875,736.0,686.0,20.0,False,False,False
dbaf35f9329948ae0ff0bce27d7d8697a58fe568,feb,2021,heat,hold,Baltimore,691.5131578947369,695.1315789473684,695.1315789473684,60.0,True,False,False
dc05f191f2a640a4bd60e30f1a95b8d7a0aa5962,feb,2021,heat,hold,North Beach,699.1904761904761,703.2952380952381,703.0825396825397,0.0,True,False,True
dc13b99d006f94ff441f51d55898423fe3c0b3b9,feb,2021,heat,hold,Ellicott City,665.7202380952381,663.609126984127,663.3511904761905,0.0,False,False,False
dc34a1456765469cea68146047343a804503f56a,feb,2021,auto,hold,Baltimore,663.9276546091015,774.7607934655776,664.7607934655776,120.0,False,False,False
dc5b002a0709965988f2499e5ac5f12cd0b781ce,feb,2021,heat,hold,Crownsville,722.7755532139093,683.0073761854584,683.0073761854584,30.0,False,False,False
dc782b55bae91d54e57124b5482fed00d9d9a592,feb,2021,auxHeatOnly,hold,Hanover,696.8181818181819,689.4545454545455,687.3636363636364,0.0,True,False,True
dc7e2547bb2dffef651e89012a4fac911df5ce6a,feb,2021,heat,hold,Parkville,722.4611928104575,728.7234477124183,728.7234477124183,60.0,False,False,False
dca9391f9a202dc2bc7d5defcefb1d17a1bb634b,feb,2021,heat,hold,Lusby,691.375,698.5416666666666,696.375,29.0,True,False,True
dcaf837ae46bdca756fa6d6fd49a68a9067cc390,feb,2021,heat,hold,Fort Washington,736.8085216939464,742.2972200571577,742.2972200571577,57.0,False,False,False
dcbe9375a1fdb39d5fba0c5cd367542c914d086f,feb,2021,heat,hold,Gambrills,634.0948275862069,633.494827586207,633.494827586207,0.0,False,False,False
dcc1826dce0a74d02cce7fdeb785ff82c2deec43,feb,2021,heat,hold,Catonsville,683.8319327731092,686.4621848739496,686.4621848739496,60.0,False,False,False
dcc62f569a181f91e651219fba239cd7cbae9ffd,feb,2021,heat,hold,Catonsville,690.047619047619,687.9761904761905,687.5952380952381,65.0,False,False,False
dcff4c48fb1cff227d979aac30cfc88278c165c0,feb,2021,auto,hold,Pasadena,729.4065934065934,823.7362637362637,735.978021978022,10.0,False,False,True
dd38b00d77f2270b67cda600292fc497c1496702,feb,2021,heat,hold,Marriottsville,682.731778425656,686.7696793002915,686.7696793002915,0.0,True,False,False
dd48ed439ce8b1a6cb95bba650bfc3dec3276f23,feb,2021,heat,hold,Bethesda,685.1720430107526,689.6021505376344,687.7096774193549,45.0,False,False,False
dd80fa4dc34fb9beb55c1c3b12f4c87a95079d8b,feb,2021,heat,hold,Towson,651.1740088105727,652.9383259911895,652.9383259911895,57.0,False,False,False
dd922a6e8450ace8981900c3be17326425cf4b87,feb,2021,heat,hold,Baltimore,525.9814814814815,727.3333333333334,725.8518518518518,100.0,False,False,False
dd99bc3ccf0717a4dd7e5e27c06a13e7efc680af,feb,2021,heat,hold,Suitland,738.5322580645161,720.7096774193549,718.241935483871,20.0,False,False,True
ddbf33c205722e6fc858ae09c2e607aaf711a1fe,feb,2021,heat,hold,Clarksville,713.3928571428571,716.0,715.7142857142857,15.0,False,False,False
ddc6117eeee831cb3cffb55d0fa927c44d8f9d66,feb,2021,auto,hold,Reisterstown,680.421052631579,750.0,682.9736842105264,10.0,False,False,False
de21b93f99fcafac047be51b88bc9c0fc26ca5c1,feb,2021,heat,hold,Bel Air,717.4183445190157,720.0,720.0,40.0,False,False,False
de99b1567de8cdee00b032105142979467a7145f,feb,2021,heat,hold,Baltimore,719.8518518518518,729.7777777777778,729.7777777777778,90.0,True,False,False
dec2bd88913357e364122bd56606ca085a3408a1,feb,2021,heat,hold,Baltimore,707.15,706.0,706.0,90.0,False,False,False
df1b352f171c5d920ba0645fa5087667fc535b97,feb,2021,heat,hold,Chesapeake Beach,657.3700724054706,660.2864038616251,660.2864038616251,25.0,True,False,True
df3fc5ed6b0ef3085106e9983cde3870211ff3dd,feb,2021,auto,hold,Bethesda,695.63133640553,740.0,700.0,66.0,False,False,False
df6f6164466ccfff5638edfa848ce91b65ac9161,feb,2021,heat,hold,Westminster,627.044814340589,630.9743918053778,630.9743918053778,20.0,True,False,True
df8f2eaef7fa1ae904ef8b168f260930207717d5,feb,2021,heat,hold,Towson,658.2893972403776,658.8888888888889,658.8888888888889,60.0,True,False,False
df971bf91e0d902111550c799bb205e6067536ed,feb,2021,heat,hold,Baltimore,721.5681818181819,728.5681818181819,728.0,40.0,False,False,False
dfe02297737c1a90148750fc1061288a0fa65344,feb,2021,auto,hold,Elkridge,710.7483327483327,774.009477009477,715.0702000702,10.0,False,False,True
dfe42dbac93a914703471294014149723482cc8b,feb,2021,auto,hold,Huntingtown,749.8318584070796,803.2035398230089,752.1710914454277,0.0,False,False,True
dff16e5f59093617245e5d3cc75f38a51b5ff465,feb,2021,heat,hold,Marriottsville,704.2669368847713,708.9461493920093,708.9461493920093,5.0,False,False,True
e001a7c9fc734c29b7e466a1e8dda081a0d9894e,feb,2021,auto,hold,Baltimore,688.5,740.0,690.0,90.0,False,False,False
e007e910ac91964f055d4785217db272f2a01a3e,feb,2021,heat,hold,Hanover,679.2777777777778,700.0,700.0,30.0,True,False,True
e01cb0bc80984e115273085852fbeacecbcd0ac3,feb,2021,heat,hold,Baltimore,681.171052631579,680.0,680.0,60.0,False,False,False
e0454cbf30e1c7dba3d74328d24a62d92d2ec3d0,feb,2021,heat,hold,Baltimore,680.7171597633136,678.4236686390533,678.2153846153847,0.0,False,False,False
e09ef43af68c42475837024ff5c4b33daf811a2a,feb,2021,heat,hold,Takoma Park,696.2799539170506,698.4723502304147,698.4723502304147,90.0,False,False,False
e0a19fcafbc98499b6da8c2a1f0e749ee7eb8d81,feb,2021,heat,hold,Silver Spring,749.875,755.0,755.0,25.0,False,False,False
e0d46da1a6a39a2ad66b59949b64fb6d7e0226df,feb,2021,heat,hold,Sparrow Point,656.7662105889351,669.8750743604998,648.9881023200476,0.0,True,False,False
e0f5553de3d3fafe0a8a719cb84920ec19ce1e93,feb,2021,heat,hold,Silver Spring,701.0386940749697,706.5610640870617,706.2720677146312,70.0,False,False,False
e0fd026a0c89893485db15ab8f3031c73704f57a,feb,2021,heat,hold,Parkville,716.1330532212885,719.6428571428571,719.6428571428571,30.0,True,False,True
e18bd4394f1c0f6fb1d46f60badf7eface66f0de,feb,2021,heat,hold,Annapolis,693.9481481481481,701.3148148148148,701.3148148148148,10.0,False,False,True
e1938959c6feeaec098aba89f28f6fbe17141ec1,feb,2021,auto,hold,Parkville,685.0,751.0,701.0,55.0,False,False,False
e1938959c6feeaec098aba89f28f6fbe17141ec1,feb,2021,heat,hold,Parkville,697.0960698689956,693.2794759825327,693.1668122270743,55.0,False,False,False
e1a2d226b3e6899db72b59b5d3985af538a6e99e,feb,2021,heat,hold,Frederick,691.3065026362038,695.7768014059754,695.7768014059754,29.0,True,False,True
e1c79d4187e65bba6568ebbdb921fbc6dae4b517,feb,2021,auto,hold,Waldorf,744.3333333333334,799.1764705882352,748.3529411764706,10.0,False,False,False
e1df39ce13deac00a07f36dfb4b82892b37e1f46,feb,2021,heat,hold,Abingdon,686.8232044198895,693.6187845303867,693.6187845303867,0.0,False,False,False
e1edab4c664ab452d195ad5902b1093cf5f4c84b,feb,2021,heat,hold,Jacksonville,675.421052631579,724.578947368421,670.7368421052631,35.0,True,False,True
e20855f92487350f24fbd1a8bfc3ed964445a067,feb,2021,heat,hold,Brandywine,716.0592048401037,718.4364736387208,718.4364736387208,0.0,False,False,False
e20a2bab8a6a481fde13f99de5b5fee789a5039b,feb,2021,heat,hold,Havre de Grace,697.3904338153504,698.5606229143493,698.5606229143493,20.0,False,False,False
e2233f5553f73b899edac857d14600001632854a,feb,2021,heat,hold,Owings,737.5143097643098,740.1531986531986,740.1531986531986,20.0,True,False,True
e2426179092a1a52e8f510f8be00f491a6ae75ec,feb,2021,heat,hold,Potomac,684.5070028011204,692.5350140056022,691.859943977591,20.0,False,False,False
e2c429fa9b48443aaacad103bd1a9c314cdd2404,feb,2021,heat,hold,Baltimore,725.3131672597865,725.2846975088968,724.7188612099644,7.0,False,False,False
e2d675c7445cfb06f3fb2950ee103e1b109cdfe4,feb,2021,heat,hold,Baltimore,676.2764227642276,681.4878048780488,679.5934959349594,9.0,False,False,False
e2e5406081cbdff0c8912736b2e55f6616236fa4,feb,2021,auxHeatOnly,hold,Indian Head,710.5660173160173,714.452380952381,714.452380952381,60.0,True,False,True
e2e5406081cbdff0c8912736b2e55f6616236fa4,feb,2021,heat,hold,Indian Head,708.9503030303031,712.5903030303031,712.5903030303031,60.0,True,False,True
e2ee0fd5dd0f3feceb2e4ff3ff18b836e2a67540,feb,2021,heat,hold,Silver Spring,682.573885848319,684.8053166536356,684.8053166536356,5.0,False,False,False
e3405b59a8722aa32f1c29489486900ff3362454,feb,2021,auto,hold,Great Mills,688.2115384615385,745.9038461538462,689.9615384615385,20.0,False,False,False
e349bc07013c8d185f2a280aee6a7cc5c2382fd0,feb,2021,auto,hold,Silver spring,676.2972222222222,760.0,680.0,0.0,False,False,False
e37f9ba98932c4beb1e0e47a1b67ca7262f9e2a9,feb,2021,heat,hold,Ellicott City,752.0820895522388,755.455223880597,755.455223880597,0.0,False,False,False
e3a0eee6c724b184924a407d9c140e0802899756,feb,2021,heat,hold,Frederick,713.0888888888888,703.8962962962963,703.8962962962963,5.0,False,False,False
e40bfa704ff57c88f5088deac08f48dee521733b,feb,2021,heat,hold,Great Mills,701.4347826086956,690.0,690.0,20.0,False,False,True
e4102f3878a1fbb96cc77f86c94fcf9c4f8da9c1,feb,2021,heat,hold,SILVER SPRING,717.2718253968254,719.2906746031746,719.2906746031746,0.0,False,False,False
e413094f5a4e6a21aac4a09d52b43e77df422501,feb,2021,heat,hold,Brookeville,668.1195652173913,670.2463768115942,670.2463768115942,30.0,True,False,True
e438282d42b840515af6395b04537fe3e625f70c,feb,2021,auto,hold,Sykesville,708.7135416666666,770.0,712.3177083333334,25.0,False,False,False
e46ac1a819d2e10492315c86bcf313182ec03d73,feb,2021,heat,hold,Baltimore,677.0,699.2,696.4,69.0,False,False,False
e50355a638a6c037b77334a7e27dace034b64039,feb,2021,heat,hold,Hanover,687.0449438202247,696.3171036204744,696.3171036204744,35.0,False,False,True
e52569b8dbd00a61e78ba78ba2e23ec2bd8d3908,feb,2021,heat,hold,Saint Michaels,685.63256006628,689.2096106048053,689.2096106048053,20.0,True,False,True
e52f850db252a47de9564b551bf022b72d381d6d,feb,2021,heat,hold,Annapolis,697.0926236378876,698.6198658843252,698.5926236378876,9.0,False,False,False
e5805f02cd9d4b08ac0715a52065af41170e0c34,feb,2021,auto,hold,Woodstock,657.653735632184,770.0,660.0,20.0,False,False,False
e5b6da9ba4b41751730b5fb8c1d2ff195025cb62,feb,2021,heat,hold,Baltimore,711.0599369085173,715.6309148264984,715.6309148264984,29.0,False,False,False
e5fca4327db6a163c9eeab9a4e87b17f1704b421,feb,2021,heat,hold,Halethorpe,662.3421052631579,678.5263157894736,659.6947368421053,0.0,False,False,False
e609fba47aacc0d5ec1e06411a8b49dbf2c22227,feb,2021,heat,hold,Sykesville,686.1724137931035,700.1925287356322,678.8649425287356,50.0,False,False,False
e60d2536201000fb9af9e4c647a859b8e53950f6,feb,2021,heat,hold,Hyattsville,730.9310344827586,744.9655172413793,739.448275862069,5.0,False,False,False
e6105ecc33ff15d3a88ccb9ec0bd312e229fe048,feb,2021,heat,hold,Silver Spring,700.125,712.0,709.3333333333334,55.0,False,False,False
e62aba3bf644c929b1cab24367419a1beb097184,feb,2021,heat,hold,Westminster,675.2534818941505,672.8973338639076,672.8973338639076,20.0,False,False,False
e6457a91e6988faad53eb4e813599c232abf2458,feb,2021,heat,hold,Bowie,738.4881836596894,741.5111411208643,741.5111411208643,30.0,True,False,True
e679fc7fe7cbb482cfc6390b2ee3cdcd0174a8da,feb,2021,heat,hold,Baltimore,714.2631578947369,720.0,720.0,0.0,True,False,False
e67aa683f0f521814955e5cbd7cb58a023042cbd,feb,2021,auto,hold,Potomac,711.4328063241106,775.872859025033,710.1245059288538,50.0,False,False,False
e69085d296bbc16b9104ea50cd459b9cc4fa64a5,feb,2021,heat,hold,Gambrills,622.6283987915408,620.0,620.0,8.0,True,False,True
e6b9307e843a8f4abb4998036704c42cd897cbfb,feb,2021,heat,hold,Severn,693.0064102564103,693.8076923076923,693.8076923076923,20.0,True,False,False
e6c92f32b6805ad440a19fc4c0b9eccf7eee124f,feb,2021,heat,hold,Glenelg,701.7239057239058,707.023569023569,707.006734006734,8.0,True,False,True
e7131cc1ded93b1f03624396c2f000b414ab4a25,feb,2021,auto,hold,Baltimore,694.4197183098591,747.2225352112677,697.2,110.0,True,False,False
e7341b52514730083fcb200c6db07b257ffd1bf4,feb,2021,cool,hold,Glen Burnie  MD,734.5,692.0,692.0,0.0,False,False,False
e7341b52514730083fcb200c6db07b257ffd1bf4,feb,2021,heat,hold,Glen Burnie  MD,726.5410447761194,730.276119402985,730.276119402985,0.0,False,False,False
e73c39e0e5144b515efa0ba6453727d4c36c96ef,feb,2021,heat,hold,Bel Air,648.0492788461538,649.0,649.0,30.0,False,False,False
e73cf5daa855c5da95b4f962c5e7b97393372c10,feb,2021,auto,hold,Waldorf,757.0652173913044,815.7782608695652,759.9826086956522,0.0,False,False,False
e77777c01001607daca4497172959bb45432f3de,feb,2021,heat,hold,Glen Arm,683.0,730.0,730.0,30.0,False,False,False
e7aae9763f04e2c97b3bfac5a5abb652ea6934aa,feb,2021,heat,hold,Laurel,698.8623574144486,700.0,700.0,0.0,False,False,False
e7b56715651c8dd7d19c2b27d107acd5522b0772,feb,2021,heat,hold,Glenelg,707.283950617284,716.2962962962963,716.2098765432099,5.0,False,False,False
e7f84c3c8640b39a8f85a4f994f978c91e5684ec,feb,2021,heat,hold,Owings Mills,679.7858636553743,680.0,680.0,5.0,False,False,False
e80aaccd1bd61b900326662d1ab01eea6c100e0e,feb,2021,cool,hold,Bowie,653.8771929824561,680.0,680.0,25.0,False,False,False
e80aaccd1bd61b900326662d1ab01eea6c100e0e,feb,2021,heat,hold,Bowie,677.5920562681009,678.7339677285892,678.7339677285892,25.0,False,False,False
e820aff962bfc35658f03eee8fc128cfe0c7e574,feb,2021,heat,hold,Laurel,690.7608695652174,695.2173913043479,695.2173913043479,10.0,False,False,False
e83bf0437ac69f515e9436d311677b5315953a27,feb,2021,heat,hold,Boyds,696.4058345642541,698.5409896602658,698.5553914327917,9.0,False,False,False
e84be45f91d9607ee0020d9fffbec315b9d8e8c2,feb,2021,cool,hold,Odenton,709.1456310679612,701.5776699029126,699.9611650485436,28.0,True,False,True
e84d561a1b83074f66d28b7b8a58e0d0ce6771d5,feb,2021,heat,hold,Reisterstown,655.9433962264151,664.5094339622641,658.9811320754717,10.0,False,False,True
e8f64556958ab26c27d980c3f50961acbb51aef1,feb,2021,heat,hold,Baltimore,727.5820463320464,730.0,729.9893822393823,68.0,False,False,False
e92b01dd52b7986643e693122525f42fe7558816,feb,2021,heat,hold,Abingdon,706.5794912559619,708.7293322734499,708.7293322734499,0.0,True,False,True
e941d0298eb6f2c02b7ea196ef345b113fb3d3d3,feb,2021,heat,hold,Essex,664.8294679399727,696.1350613915416,655.5784447476126,0.0,False,False,False
e979b300779639557a9c056d9e19495b2f75470a,feb,2021,heat,hold,Ellicott City,686.9488559892328,692.0471063257066,687.7173620457604,30.0,True,False,True
e9c286878bed583656f23041378843dd554dbcb3,feb,2021,heat,hold,Hyattsville,700.4411764705883,709.1911764705883,698.2058823529412,5.0,False,False,True
ea24a5f6e53029ac26b5fcacaef762153b8a415a,feb,2021,heat,hold,Owings Mills,692.3622685185185,696.9027777777778,696.8391203703703,0.0,True,False,False
ea56147b55f9e9719a984f3c8072943a0d02167f,feb,2021,auto,hold,Silver Spring,726.175925925926,778.8888888888889,728.8888888888889,15.0,True,False,False
ea803921adb70f5472e4214df1afc7ddc790d929,feb,2021,heat,hold,Glen Burnie,733.8264840182649,739.3744292237443,739.365296803653,20.0,True,False,True
eaa5c166fefb0a874c527d5bfe506c5c445a0c91,feb,2021,heat,hold,Fallston,684.3859154929578,692.1887323943662,691.7830985915493,50.0,True,False,True
eabb34f72b89499e1f83582432a99468b0c7b196,feb,2021,heat,hold,Baltimore,692.0322580645161,691.5619694397284,691.5619694397284,10.0,False,False,False
ead0c29da86ecf3a47d4fdf737839afe47a754dc,feb,2021,heat,hold,Towson,673.71699669967,676.230198019802,676.230198019802,50.0,False,False,False
ead0ca9a2306f48bafd74175807f07a78561144a,feb,2021,auto,hold,Nottingham,696.8998211091234,805.6416219439475,730.365533691115,0.0,False,False,False
ead0ca9a2306f48bafd74175807f07a78561144a,feb,2021,heat,hold,Nottingham,706.8557692307693,725.4855769230769,725.0817307692307,0.0,False,False,False
eb32b283d0f51c2790748cf42314ca02ee722c8d,feb,2021,heat,hold,Owings Mills,716.7254901960785,720.0,720.0,10.0,False,False,False
eba74f5402db0c991edb3f93eee7fbd4ca4e50c6,feb,2021,heat,hold,Laurel,671.353317346123,674.0379696243006,674.0423661071143,27.0,True,False,True
ebceafe2b3179882062975ab35709d2a270d7bae,feb,2021,heat,hold,Walkersville,706.6799088244871,722.0654509931618,722.0661022468252,45.0,True,False,True
ebdb98255b2657d52df8170cb641656c4502a42b,feb,2021,heat,hold,Bowie,694.0,692.25,692.25,39.0,True,False,True
ec1a5e7da481678cc6366ea6cfb15474ac242cc9,feb,2021,heat,hold,Baltimore,749.6854838709677,752.5537634408602,752.5698924731183,0.0,False,False,False
ecb131111db18abfe2a2827204217cc68b3ccdb5,feb,2021,heat,hold,Glen Burnie,718.936507936508,720.0,720.0,0.0,False,False,False
ecd79ef038d69ea0c0b197cd01399c35353a6474,feb,2021,heat,hold,Pikesville,736.0862619808307,740.0,740.0,60.0,False,False,False
ed0d0a3efea96dcd9095e05bbe768fc0d41def89,feb,2021,auto,hold,Millersville,690.8783068783068,745.047619047619,694.994708994709,30.0,False,False,False
ed3fbbb9b06051246b5ed33854d8951d0202bd5d,feb,2021,auto,hold,Burtonsville,645.6315789473684,720.0,650.0,0.0,False,False,False
ed3fbbb9b06051246b5ed33854d8951d0202bd5d,feb,2021,heat,hold,Burtonsville,717.2330097087379,721.2621359223301,721.2621359223301,0.0,False,False,False
ed886d45b72915de22b2898db5ea60f63fd26a22,feb,2021,auto,hold,Upper Marlboro,731.2142857142857,784.1428571428571,734.1428571428571,0.0,False,False,False
edd26b9dfd178cbcd78c9b4ade986cb50bf95304,feb,2021,auto,hold,New Market,672.3333333333334,732.3333333333334,677.3333333333334,5.0,False,False,True
edd553d5f7bb49860baf2f65ffb0e832cd9c7d1a,feb,2021,heat,hold,Baltimore,711.283950617284,713.9135802469136,713.5308641975308,10.0,False,False,True
eddbc882e3ab1fcc1a97e9dd2c77e30b52657a76,feb,2021,auto,hold,Baltimore,702.4930555555555,760.2083333333334,704.7586805555555,100.0,False,False,True
ee0049f3c587ab8acd46e09bb6c8d36dc8f31945,feb,2021,heat,hold,Knoxville,701.594846491228,702.1907894736842,702.1907894736842,5.0,False,False,True
ee5c0a79e9c35dbee637656f54eebf2d8b8598f0,feb,2021,heat,hold,Baltimore,677.5975056689342,664.4047619047619,651.9092970521542,7.0,True,False,True
eeaeaa1b3d7b9cbd66bca96103fa1f90a83996db,feb,2021,heat,hold,Jefferson,697.676594253679,700.0,700.0,9.0,False,False,False
eec3dfdff6b16359933c6abd1c318cb790ebb01e,feb,2021,heat,hold,Odenton,690.830553449583,693.6383623957544,693.6383623957544,5.0,False,False,False
eed0c07116ec68047579f48a0fccdd79cb183fae,feb,2021,heat,hold,Westminster,688.5454545454545,680.0,680.0,30.0,False,False,True
eeefbd22774df12f4cbd11fa980c927844475617,feb,2021,heat,hold,Essex,695.2515723270441,697.3018867924528,696.6918238993711,0.0,False,False,False
ef0278155b23b8d9dbd751d2fa2184069d08280d,feb,2021,auto,hold,Edgewater,644.0869565217391,790.0,646.5217391304348,10.0,True,False,True
ef34165d2581cb7717df1fc724cb38cd0811957f,feb,2021,heat,hold,Glen Burnie,666.7450851900393,669.5366972477065,669.5366972477065,0.0,True,False,True
efd9329a2bfa3bc4d2a45615101d1bbb4fef661d,feb,2021,auto,hold,New Windsor,714.1666666666666,780.0,720.0,25.0,True,False,True
efe376188da4258eee39520efa746faf261be92e,feb,2021,auto,hold,Baltimore,694.6382978723404,750.0,700.0,108.0,False,False,False
efe60e4e3a5c2f5d9f695c5acc09c85bb11822b2,feb,2021,heat,hold,Abingdon,715.48,720.0,719.24,18.0,False,False,False
efeaf0fe340d7248965ff151f5dd0c88429541e1,feb,2021,heat,hold,Frederick,661.5973154362416,667.5248322147651,667.434899328859,27.0,True,False,False
f01c9bfdeec67ab8a456f9cc5a65d851f6545c3e,feb,2021,auto,hold,Pasadena,727.8333333333334,780.0,730.0,39.0,True,False,True
f0e6b9d43cba4d94fdd345bbb1f021a518468f8a,feb,2021,heat,hold,Germantown,603.0526315789474,679.9473684210526,679.9473684210526,49.0,False,False,True
f1131232222f7b10fa93a261d3cb56efb74e3b41,feb,2021,heat,hold,Manchester,735.6135265700483,740.0,740.0,0.0,True,False,False
f171313b431301bace4325d68d3eb0cf27cfb628,feb,2021,heat,hold,Baltimore,670.5232198142415,670.1393188854489,669.9102167182663,15.0,False,False,False
f1b3504ad289f5a70982df5be4aa56bbaa7c5b68,feb,2021,auto,hold,Baltimore,663.3074309978768,780.0,666.1193205944799,120.0,False,False,False
f1cdec351558c09754a945bbcece876272b6d273,feb,2021,heat,hold,Baltimore,687.4258658008658,692.4929653679653,692.4929653679653,0.0,False,False,False
f1fb5c35da908e78fa31841fcc0e8b3f0bdd4b3c,feb,2021,heat,hold,Nottingham,593.1627906976744,671.7441860465116,671.7441860465116,60.0,False,False,False
f21da03091a82c65456da20d21a7085dbaa5dbaf,feb,2021,heat,hold,sparks ,694.2462760675273,701.3207547169811,700.3207547169811,0.0,False,False,False
f22b7f5c337392f62a8bb7227524435530579769,feb,2021,heat,hold,Germantown,726.8986446670596,724.878609310548,724.878609310548,20.0,True,False,False
f256c61788aec5100b9f96402a4fd35abf528071,feb,2021,auto,hold,Takoma Park,710.678704856787,790.3798256537982,707.9028642590287,75.0,False,False,False
f29b43933b5d58959091957bbe4324f75f72a476,feb,2021,auxHeatOnly,hold,Annapolis,715.6086956521739,720.0,720.0,0.0,False,False,True
f2bf0f8c7aa863a5f3312e67dde4f6aae3c8c5b0,feb,2021,heat,hold,Bowie,695.8101265822785,702.0278481012658,695.4430379746835,10.0,False,False,False
f2cc15e9b08391d9f5da0cf328723e138afff7d4,feb,2021,heat,hold,Sandy Spring,691.6896551724138,690.0,690.0,5.0,False,False,False
f2d28be769d838556a0e01acb7f2cec5f07828d4,feb,2021,heat,hold,Mount Airy,669.9473067915691,692.523419203747,692.5421545667448,37.0,True,False,True
f318e4362fd02ed1235df6bef1451e249ab878f8,feb,2021,heat,hold,Gaithersburg,716.7857142857143,731.3571428571429,727.7857142857143,35.0,False,False,True
f3484f58604bd2350da41734dd0c3e1ba9695995,feb,2021,heat,hold,Columbia,687.0833333333334,700.0,700.0,40.0,True,False,True
f3a1f5f07e494098cacd4c30f32f3fe0b1c59d09,feb,2021,heat,hold,Huntingtown,706.027036516854,710.0,710.0,0.0,True,False,True
f3d41738234a96263b6ca0d25b7c7d823eb2dd0b,feb,2021,heat,hold,Potomac,712.7307692307693,720.0,720.0,50.0,False,False,False
f40559c87900b570c14875e3a921d6489814d2a5,feb,2021,heat,hold,Ellicott City,681.7858823529411,704.3270588235295,703.3035294117647,20.0,False,False,False
f42e2facea551f028f22f92b792f1aaa3e0affb2,feb,2021,heat,hold,Baltimore,673.1548223350254,676.4137055837564,676.4137055837564,90.0,False,False,False
f440fba925f695e20c70400cd4f65c7e1cde7392,feb,2021,auto,hold,Reisterstown,722.0666666666667,776.4666666666667,730.5333333333333,9.0,True,False,False
f440fba925f695e20c70400cd4f65c7e1cde7392,feb,2021,heat,hold,Reisterstown,713.6934389140272,727.4400452488687,721.5384615384615,9.0,True,False,False
f44a7c826c8f68a2163e1f25962be558e3a61717,feb,2021,heat,hold,Manchester,697.3212669683257,700.5972850678733,699.8461538461538,18.0,False,False,False
f4aaa57672ffc339a0961054d3011ff8fcbfc251,feb,2021,auto,hold,Silver Spring,707.2548094373866,790.0,710.4181488203267,0.0,False,False,False
f4bf79578f2731d7eebb2ca6af4528b0741f0b60,feb,2021,heat,hold,Baltimore,668.1273247496423,680.0,670.6881258941345,70.0,False,False,False
f524dc62ca9e73f9cdfc2ff74c1b700052adf024,feb,2021,heat,hold,Cockeysville,659.1855742296918,740.0,662.2717086834734,47.0,False,False,False
f55a1cb0c180296c13bc718eaee1871008946f0a,feb,2021,heat,hold,Pasadena,688.2296918767507,680.0,680.0,27.0,True,False,True
f56b6c0981a30bef2abb1e2b72300aa8deb5393c,feb,2021,heat,hold,Bel Air,687.8686974789916,691.1890756302521,691.1890756302521,0.0,False,False,False
f5c0d1d57d3fe9db9a32fe6619b0f5602a501cce,feb,2021,auto,hold,Frederick,883.7272727272727,880.0,830.0,10.0,False,False,False
f5dd6cb10f6707b188f1856bf9fa0671e9dc39a3,feb,2021,auto,hold,Ijamsville,689.0384615384615,760.0897435897435,709.5128205128206,5.0,False,False,False
f5e0545ec61aa49bf89bc954a81b57dcfbc759a2,feb,2021,auto,hold,Ellicott City,690.0263157894736,783.1578947368421,683.671052631579,39.0,False,False,False
f5f283a45eff93add0c15d47bb347f35823eb5b4,feb,2021,auto,hold,Lothian,669.6631578947369,828.5473684210526,666.2315789473685,20.0,False,False,False
f67313407dacd5eade169536ccbe2b3d88c4eaa6,feb,2021,cool,hold,Baltimore,694.4,680.0,680.0,0.0,True,False,True
f67313407dacd5eade169536ccbe2b3d88c4eaa6,feb,2021,heat,hold,Baltimore,676.1934856587263,677.9251336898395,677.9251336898395,0.0,True,False,True
f6ef72c77702d307470a388ae02ed565403a9fe2,feb,2021,auto,hold,Kensington,700.6314102564103,754.4358974358975,699.3076923076923,65.0,False,False,False
f722f3a7c5953c011debffdac447d1aba0577d8a,feb,2021,heat,hold,Havre de Grace,695.9583333333334,727.0833333333334,700.0,0.0,False,False,False
f7339286e8a612702e9da65b607382291cb75b1f,feb,2021,heat,hold,Frederick,730.2646586345381,735.0,735.0,5.0,False,False,True
f79dc9d670ed887d44e29f60fb50a4c8cbc7e529,feb,2021,auto,hold,Waldorf,760.8103448275862,821.75,771.75,5.0,False,False,False
f79dc9d670ed887d44e29f60fb50a4c8cbc7e529,feb,2021,heat,hold,Waldorf,765.927536231884,777.0,775.6086956521739,5.0,False,False,False
f7db271c25950038e80ef7bb45d135e78a37104d,feb,2021,heat,hold,Capitol Heights,742.755329008341,730.0278035217794,730.0176088971269,7.0,False,False,False
f7ec04b0031fd95aea7c3834e8a5a8fe4ae54940,feb,2021,heat,hold,Nottingham,721.2666666666667,724.0,724.0,40.0,True,False,True
f87aa1d5444b2c18d61ab66f5b2801f8f9fc08c3,feb,2021,heat,hold,Ellicott City,716.5522388059702,719.776119402985,719.776119402985,30.0,False,False,True
f916784e5bd678f30bbd8659aaa92610953d7d31,feb,2021,heat,hold,Mc Henry,681.7052480230051,682.7915168943206,682.7915168943206,0.0,False,False,False
f91ed9a3379f3fb4c49662edece40df214423b00,feb,2021,heat,hold,Westminster,621.8149779735683,616.4919236417034,616.1989720998531,20.0,False,False,False
f93fe67d50d975ccbd28d91e149477667a598852,feb,2021,heat,hold,Belcamp,681.0208333333334,683.75,683.75,30.0,True,False,True
f9864883e1c1701e63d5fbbd112340c1dccd1ec4,feb,2021,heat,hold,Rockville,657.8666666666667,680.0,680.0,35.0,False,False,True
f9ad47b850116629869412f1c3192ea0398be779,feb,2021,auto,hold,Bowie,728.4832798900595,780.0,730.0,40.0,False,False,True
f9af18664a2fbca2cfc497ded924b271c0e36cb9,feb,2021,heat,hold,Laurel,687.5158858373721,689.2213247172859,689.0683898761444,10.0,False,False,False
f9ba4a724c43c679e6321f7d782478c2544264dc,feb,2021,heat,hold,Baltimore,697.125,730.7083333333334,729.2916666666666,90.0,False,False,True
f9c393fbb8fbb6c0b6f26a1f0437953775c41dff,feb,2021,heat,hold,Prince Frederick,741.8055555555555,745.0,745.0,0.0,False,False,True
f9eeb0382bbefc26b3e63790324033a3c2b3c7a9,feb,2021,heat,hold,Clarksburg,705.1077441077441,706.8080808080808,706.8080808080808,0.0,False,False,False
fa19a5e6216274d8522cc5073db5fa38f9a6e1aa,feb,2021,heat,hold,Poolesville,683.7894736842105,686.3157894736842,686.3157894736842,0.0,False,False,False
fa68bc3b444c23202f756b7bfcbe9fee9f42058b,feb,2021,heat,hold,Ellicott City,674.6993006993007,677.5524475524476,677.5524475524476,30.0,True,False,False
fa83ed9b1e81b73f078ecfc8a017b4e8c61d5920,feb,2021,auto,hold,Elkridge,683.931506849315,750.5342465753424,689.7945205479452,15.0,False,False,False
faa8ec87709f92c9632927fca4bad63cca7d5bfe,feb,2021,auto,hold,Gaithersburg,690.0943396226415,780.0,694.2452830188679,25.0,True,False,True
fae78dc4a04d9e76139f601b0365d8984dc9586c,feb,2021,auto,hold,Hanover,677.3146264468608,725.0,675.0,10.0,True,False,False
fb0f832415aa7949b3f1f5625581af9afa494f41,feb,2021,heat,hold,Baltimore,655.8867924528302,661.8867924528302,661.8867924528302,90.0,False,False,False
fb14a6884ffaf06be6275de42b3673ffafeedad5,feb,2021,auto,hold,Hyattsville,696.4698795180723,760.0,701.9759036144578,5.0,False,False,False
fb196365b4ba9a5862f6a8b328327bd777843037,feb,2021,heat,hold,Catonsville,749.2829457364342,751.3343023255813,751.2877906976744,59.0,False,False,False
fb256b37545c92636cd3d9a56c2a302d3ae13f36,feb,2021,heat,hold,Dundalk,684.3524962178517,684.7382753403933,684.7382753403933,0.0,True,False,True
fb34eb44a0a1d0a9c4e68ac952bfc6ce028521c6,feb,2021,heat,hold,Towson,711.5495495495495,717.7078507078508,716.5855855855856,60.0,False,False,False
fb7424814e62c1f00f74b9b5e5a676ecef64b8d5,feb,2021,heat,hold,Hyattsville,681.1153846153846,683.4615384615385,683.4615384615385,5.0,False,False,False
fb8de567a999a04c66b7bc3312ce216d7b3bc673,feb,2021,heat,hold,Glen Burnie,697.3333333333334,700.0,700.0,0.0,False,False,False
fb901a09b027d6cab14e3e21d0c8283881eee32b,feb,2021,heat,hold,Upper Marlboro,749.817679558011,753.3687845303867,753.3591160220994,0.0,False,False,False
fc64e1b32181a9be181fab42dc1ac16fdeb79502,feb,2021,heat,hold,Gaithersburg,648.9796659404502,650.0,650.0,30.0,True,False,True
fd7d1f14946b8b9be4315813e37cd9f457c21022,feb,2021,auto,hold,Fulton,704.4550128534704,756.5976863753214,706.3059125964011,17.0,False,False,False
fd84cd833198a08eab42345ee2feab5ca758e132,feb,2021,auto,hold,Westminster,676.3888888888889,729.8611111111111,679.7361111111111,0.0,False,False,False
fdada767867826c36a48939f5b12a0907e13af31,feb,2021,heat,hold,Boonsboro,693.7754360465116,679.8931686046511,668.9542151162791,25.0,True,False,True
fe1394eeca15d654d0a2edc1f6340d1b80b4723c,feb,2021,heat,hold,Perry Hall,696.8431669188099,705.4195663136661,705.4195663136661,35.0,True,False,True
fe28e159ee4383ef4a7e2c511fc014d472376758,feb,2021,heat,hold,Havre de Grace,701.5689655172414,702.4137931034483,702.4137931034483,30.0,False,False,False
fe334aa5b0f17d05709aa93d64cb39653101725b,feb,2021,auto,hold,Lexington Park,730.6838235294117,759.7426470588235,729.7426470588235,10.0,True,False,False
fe463fff6abc21caae15c430a8240dcc96c09582,feb,2021,auto,hold,Waldorf,694.6353408338848,765.0,695.0,5.0,False,False,False
fe472fb10a2e73351d59b5638a24180dfe02dcb4,feb,2021,auto,hold,Halethorpe,700.2234042553191,850.0,697.9787234042553,97.0,False,False,False
fe4999f09f91d4f9d4c6d412c8cdd0e164d09cb2,feb,2021,heat,hold,Clinton,706.0689655172414,698.8534482758621,698.7327586206897,10.0,True,False,False
fe92a2276ad95130f77c7a56e7a497922e2082c7,feb,2021,heat,hold,Baltimore,720.7083333333334,740.0,740.0,0.0,False,False,False
fec72517f3db64ee7241ad9ee178556b16057ec8,feb,2021,heat,hold,Perry Hall,742.9752883031301,747.0889621087315,747.0889621087315,10.0,False,False,False
fed8e1ec522a4cf8ff31af996688592d47947ba3,feb,2021,heat,hold,Bethesda,687.2047244094488,690.1196850393701,690.0299212598425,40.0,False,False,True
fee19de70085c1b9f4a17bbafb328aec3c59035e,feb,2021,auto,hold,Olney,749.8184713375796,803.7261146496816,753.7261146496816,5.0,False,False,False
ff3a7214e107c7876e254c9f234e17d8d5f593ba,feb,2021,heat,hold,Belcamp,745.3474923234392,750.3490276356192,750.3490276356192,28.0,True,False,True
ff70f4424d819ab49fdeb63dc28490f4adb7ab51,feb,2021,heat,hold,College Park,708.8125,720.1458333333334,719.7083333333334,0.0,True,False,False
ff85b807aa25b50795dec4b1c4e3524319d86652,feb,2021,auto,hold,Hollywood,653.5555555555555,760.0,660.0,19.0,True,False,True
ffa4f9cef40f20a7379efc733d1daf8f5e07a551,feb,2021,heat,hold,Joppa,706.4923076923077,714.0615384615385,713.5076923076923,10.0,False,False,False
ffda40b5a71bc787707b1b2a35a9c73df958cf93,feb,2021,heat,hold,Kensington,695.003663003663,693.8186813186813,693.6401098901099,50.0,True,False,False
ffee15cd197d28701219f8af65ba1c5d39c77257,feb,2021,heat,hold,Nottingham,723.1323877068558,718.2671394799054,717.936170212766,35.0,False,False,True
